% # columns="iteration, evaluation, min 25%tile 75%tile max correlation, correlation matrix principal axes lengths  (sorted square roots of eigenvalues of correlation matrix)", seed=738630, Sun Jun 28 18:39:08 2026
1 10 -0.07803948791773954 -0.01946023127461439 0.017244711938379863 0.046566065482943134 0.9339098549058832 0.9498830284722966 0.9875817641256759 0.9899485651868621 0.9951344926225472 0.9971732625829303 1.0003057327367766 1.0201303464716713 1.0279492189645094 1.0897772520360405
2 20 -0.07803948791773954 -0.01946023127461439 0.017244711938379863 0.046566065482943134 0.9339098549058832 0.9498830284722966 0.9875817641256759 0.9899485651868621 0.9951344926225472 0.9971732625829303 1.0003057327367766 1.0201303464716713 1.0279492189645094 1.0897772520360405
3 30 -0.07803948791773954 -0.01946023127461439 0.017244711938379863 0.046566065482943134 0.9339098549058832 0.9498830284722966 0.9875817641256759 0.9899485651868621 0.9951344926225472 0.9971732625829303 1.0003057327367766 1.0201303464716713 1.0279492189645094 1.0897772520360405
4 40 -0.07803948791773954 -0.01946023127461439 0.017244711938379863 0.046566065482943134 0.9339098549058832 0.9498830284722966 0.9875817641256759 0.9899485651868621 0.9951344926225472 0.9971732625829303 1.0003057327367766 1.0201303464716713 1.0279492189645094 1.0897772520360405
5 50 -0.07803948791773954 -0.01946023127461439 0.017244711938379863 0.046566065482943134 0.9339098549058832 0.9498830284722966 0.9875817641256759 0.9899485651868621 0.9951344926225472 0.9971732625829303 1.0003057327367766 1.0201303464716713 1.0279492189645094 1.0897772520360405
6 60 -0.07803948791773954 -0.01946023127461439 0.017244711938379863 0.046566065482943134 0.9339098549058832 0.9498830284722966 0.9875817641256759 0.9899485651868621 0.9951344926225472 0.9971732625829303 1.0003057327367766 1.0201303464716713 1.0279492189645094 1.0897772520360405
7 70 -0.07803948791773954 -0.01946023127461439 0.017244711938379863 0.046566065482943134 0.9339098549058832 0.9498830284722966 0.9875817641256759 0.9899485651868621 0.9951344926225472 0.9971732625829303 1.0003057327367766 1.0201303464716713 1.0279492189645094 1.0897772520360405
8 80 -0.07803948791773954 -0.01946023127461439 0.017244711938379863 0.046566065482943134 0.9339098549058832 0.9498830284722966 0.9875817641256759 0.9899485651868621 0.9951344926225472 0.9971732625829303 1.0003057327367766 1.0201303464716713 1.0279492189645094 1.0897772520360405
9 90 -0.07803948791773954 -0.01946023127461439 0.017244711938379863 0.046566065482943134 0.9339098549058832 0.9498830284722966 0.9875817641256759 0.9899485651868621 0.9951344926225472 0.9971732625829303 1.0003057327367766 1.0201303464716713 1.0279492189645094 1.0897772520360405
10 100 -0.07803948791773954 -0.01946023127461439 0.017244711938379863 0.046566065482943134 0.9339098549058832 0.9498830284722966 0.9875817641256759 0.9899485651868621 0.9951344926225472 0.9971732625829303 1.0003057327367766 1.0201303464716713 1.0279492189645094 1.0897772520360405
11 110 -0.29820720767297765 -0.0648245270752193 0.04448803797225441 0.20955224788784246 0.7082159405423367 0.8747989521475781 0.9267718052677366 0.9401685367925336 0.9709862888800179 0.9878447364241748 1.036683589310179 1.0927278842659576 1.1111195518835142 1.2523293376026319
12 120 -0.29820720767297765 -0.0648245270752193 0.04448803797225441 0.20955224788784246 0.7082159405423367 0.8747989521475781 0.9267718052677366 0.9401685367925336 0.9709862888800179 0.9878447364241748 1.036683589310179 1.0927278842659576 1.1111195518835142 1.2523293376026319
13 130 -0.29820720767297765 -0.0648245270752193 0.04448803797225441 0.20955224788784246 0.7082159405423367 0.8747989521475781 0.9267718052677366 0.9401685367925336 0.9709862888800179 0.9878447364241748 1.036683589310179 1.0927278842659576 1.1111195518835142 1.2523293376026319
14 140 -0.29820720767297765 -0.0648245270752193 0.04448803797225441 0.20955224788784246 0.7082159405423367 0.8747989521475781 0.9267718052677366 0.9401685367925336 0.9709862888800179 0.9878447364241748 1.036683589310179 1.0927278842659576 1.1111195518835142 1.2523293376026319
15 150 -0.29820720767297765 -0.0648245270752193 0.04448803797225441 0.20955224788784246 0.7082159405423367 0.8747989521475781 0.9267718052677366 0.9401685367925336 0.9709862888800179 0.9878447364241748 1.036683589310179 1.0927278842659576 1.1111195518835142 1.2523293376026319
16 160 -0.29820720767297765 -0.0648245270752193 0.04448803797225441 0.20955224788784246 0.7082159405423367 0.8747989521475781 0.9267718052677366 0.9401685367925336 0.9709862888800179 0.9878447364241748 1.036683589310179 1.0927278842659576 1.1111195518835142 1.2523293376026319
17 170 -0.29820720767297765 -0.0648245270752193 0.04448803797225441 0.20955224788784246 0.7082159405423367 0.8747989521475781 0.9267718052677366 0.9401685367925336 0.9709862888800179 0.9878447364241748 1.036683589310179 1.0927278842659576 1.1111195518835142 1.2523293376026319
18 180 -0.29820720767297765 -0.0648245270752193 0.04448803797225441 0.20955224788784246 0.7082159405423367 0.8747989521475781 0.9267718052677366 0.9401685367925336 0.9709862888800179 0.9878447364241748 1.036683589310179 1.0927278842659576 1.1111195518835142 1.2523293376026319
19 190 -0.29820720767297765 -0.0648245270752193 0.04448803797225441 0.20955224788784246 0.7082159405423367 0.8747989521475781 0.9267718052677366 0.9401685367925336 0.9709862888800179 0.9878447364241748 1.036683589310179 1.0927278842659576 1.1111195518835142 1.2523293376026319
20 200 -0.29820720767297765 -0.0648245270752193 0.04448803797225441 0.20955224788784246 0.7082159405423367 0.8747989521475781 0.9267718052677366 0.9401685367925336 0.9709862888800179 0.9878447364241748 1.036683589310179 1.0927278842659576 1.1111195518835142 1.2523293376026319
21 210 -0.33303422616764644 -0.05640454681985493 0.08262042735049448 0.19880570180207596 0.6751724333373911 0.8428124434058244 0.8671360211451614 0.9086892999704734 0.9186286735682992 0.9947171820378327 1.0811569664148875 1.125537266194192 1.2038262080567586 1.240119055771053
22 220 -0.33303422616764644 -0.05640454681985493 0.08262042735049448 0.19880570180207596 0.6751724333373911 0.8428124434058244 0.8671360211451614 0.9086892999704734 0.9186286735682992 0.9947171820378327 1.0811569664148875 1.125537266194192 1.2038262080567586 1.240119055771053
23 230 -0.33303422616764644 -0.05640454681985493 0.08262042735049448 0.19880570180207596 0.6751724333373911 0.8428124434058244 0.8671360211451614 0.9086892999704734 0.9186286735682992 0.9947171820378327 1.0811569664148875 1.125537266194192 1.2038262080567586 1.240119055771053
24 240 -0.33303422616764644 -0.05640454681985493 0.08262042735049448 0.19880570180207596 0.6751724333373911 0.8428124434058244 0.8671360211451614 0.9086892999704734 0.9186286735682992 0.9947171820378327 1.0811569664148875 1.125537266194192 1.2038262080567586 1.240119055771053
25 250 -0.33303422616764644 -0.05640454681985493 0.08262042735049448 0.19880570180207596 0.6751724333373911 0.8428124434058244 0.8671360211451614 0.9086892999704734 0.9186286735682992 0.9947171820378327 1.0811569664148875 1.125537266194192 1.2038262080567586 1.240119055771053
26 260 -0.33303422616764644 -0.05640454681985493 0.08262042735049448 0.19880570180207596 0.6751724333373911 0.8428124434058244 0.8671360211451614 0.9086892999704734 0.9186286735682992 0.9947171820378327 1.0811569664148875 1.125537266194192 1.2038262080567586 1.240119055771053
27 270 -0.33303422616764644 -0.05640454681985493 0.08262042735049448 0.19880570180207596 0.6751724333373911 0.8428124434058244 0.8671360211451614 0.9086892999704734 0.9186286735682992 0.9947171820378327 1.0811569664148875 1.125537266194192 1.2038262080567586 1.240119055771053
28 280 -0.33303422616764644 -0.05640454681985493 0.08262042735049448 0.19880570180207596 0.6751724333373911 0.8428124434058244 0.8671360211451614 0.9086892999704734 0.9186286735682992 0.9947171820378327 1.0811569664148875 1.125537266194192 1.2038262080567586 1.240119055771053
29 290 -0.33303422616764644 -0.05640454681985493 0.08262042735049448 0.19880570180207596 0.6751724333373911 0.8428124434058244 0.8671360211451614 0.9086892999704734 0.9186286735682992 0.9947171820378327 1.0811569664148875 1.125537266194192 1.2038262080567586 1.240119055771053
30 300 -0.33303422616764644 -0.05640454681985493 0.08262042735049448 0.19880570180207596 0.6751724333373911 0.8428124434058244 0.8671360211451614 0.9086892999704734 0.9186286735682992 0.9947171820378327 1.0811569664148875 1.125537266194192 1.2038262080567586 1.240119055771053
31 310 -0.32298494740917394 -0.0902626824668749 0.11963758257474844 0.26473119382882165 0.6905165357250336 0.752920459435254 0.7930103272262853 0.8435016189624632 0.9350992787074657 1.0297659743494947 1.1051221624595782 1.1244233683470022 1.2545995269987062 1.2733679099213828
32 320 -0.32298494740917394 -0.0902626824668749 0.11963758257474844 0.26473119382882165 0.6905165357250336 0.752920459435254 0.7930103272262853 0.8435016189624632 0.9350992787074657 1.0297659743494947 1.1051221624595782 1.1244233683470022 1.2545995269987062 1.2733679099213828
33 330 -0.32298494740917394 -0.0902626824668749 0.11963758257474844 0.26473119382882165 0.6905165357250336 0.752920459435254 0.7930103272262853 0.8435016189624632 0.9350992787074657 1.0297659743494947 1.1051221624595782 1.1244233683470022 1.2545995269987062 1.2733679099213828
34 340 -0.32298494740917394 -0.0902626824668749 0.11963758257474844 0.26473119382882165 0.6905165357250336 0.752920459435254 0.7930103272262853 0.8435016189624632 0.9350992787074657 1.0297659743494947 1.1051221624595782 1.1244233683470022 1.2545995269987062 1.2733679099213828
35 350 -0.32298494740917394 -0.0902626824668749 0.11963758257474844 0.26473119382882165 0.6905165357250336 0.752920459435254 0.7930103272262853 0.8435016189624632 0.9350992787074657 1.0297659743494947 1.1051221624595782 1.1244233683470022 1.2545995269987062 1.2733679099213828
36 360 -0.32298494740917394 -0.0902626824668749 0.11963758257474844 0.26473119382882165 0.6905165357250336 0.752920459435254 0.7930103272262853 0.8435016189624632 0.9350992787074657 1.0297659743494947 1.1051221624595782 1.1244233683470022 1.2545995269987062 1.2733679099213828
37 370 -0.32298494740917394 -0.0902626824668749 0.11963758257474844 0.26473119382882165 0.6905165357250336 0.752920459435254 0.7930103272262853 0.8435016189624632 0.9350992787074657 1.0297659743494947 1.1051221624595782 1.1244233683470022 1.2545995269987062 1.2733679099213828
38 380 -0.32298494740917394 -0.0902626824668749 0.11963758257474844 0.26473119382882165 0.6905165357250336 0.752920459435254 0.7930103272262853 0.8435016189624632 0.9350992787074657 1.0297659743494947 1.1051221624595782 1.1244233683470022 1.2545995269987062 1.2733679099213828
39 390 -0.32298494740917394 -0.0902626824668749 0.11963758257474844 0.26473119382882165 0.6905165357250336 0.752920459435254 0.7930103272262853 0.8435016189624632 0.9350992787074657 1.0297659743494947 1.1051221624595782 1.1244233683470022 1.2545995269987062 1.2733679099213828
40 400 -0.32298494740917394 -0.0902626824668749 0.11963758257474844 0.26473119382882165 0.6905165357250336 0.752920459435254 0.7930103272262853 0.8435016189624632 0.9350992787074657 1.0297659743494947 1.1051221624595782 1.1244233683470022 1.2545995269987062 1.2733679099213828
41 410 -0.4705891029289432 -0.0622397587591817 0.14555260156690467 0.3778391813352384 0.6157550090974219 0.7310432635818594 0.8011327107810536 0.8276760973588964 0.8767457749492499 0.9807107297852509 1.11070433859567 1.2211819928460526 1.2351235527753919 1.3336430203266076
42 420 -0.4705891029289432 -0.0622397587591817 0.14555260156690467 0.3778391813352384 0.6157550090974219 0.7310432635818594 0.8011327107810536 0.8276760973588964 0.8767457749492499 0.9807107297852509 1.11070433859567 1.2211819928460526 1.2351235527753919 1.3336430203266076
43 430 -0.4705891029289432 -0.0622397587591817 0.14555260156690467 0.3778391813352384 0.6157550090974219 0.7310432635818594 0.8011327107810536 0.8276760973588964 0.8767457749492499 0.9807107297852509 1.11070433859567 1.2211819928460526 1.2351235527753919 1.3336430203266076
44 440 -0.4705891029289432 -0.0622397587591817 0.14555260156690467 0.3778391813352384 0.6157550090974219 0.7310432635818594 0.8011327107810536 0.8276760973588964 0.8767457749492499 0.9807107297852509 1.11070433859567 1.2211819928460526 1.2351235527753919 1.3336430203266076
45 450 -0.4705891029289432 -0.0622397587591817 0.14555260156690467 0.3778391813352384 0.6157550090974219 0.7310432635818594 0.8011327107810536 0.8276760973588964 0.8767457749492499 0.9807107297852509 1.11070433859567 1.2211819928460526 1.2351235527753919 1.3336430203266076
46 460 -0.4705891029289432 -0.0622397587591817 0.14555260156690467 0.3778391813352384 0.6157550090974219 0.7310432635818594 0.8011327107810536 0.8276760973588964 0.8767457749492499 0.9807107297852509 1.11070433859567 1.2211819928460526 1.2351235527753919 1.3336430203266076
47 470 -0.4705891029289432 -0.0622397587591817 0.14555260156690467 0.3778391813352384 0.6157550090974219 0.7310432635818594 0.8011327107810536 0.8276760973588964 0.8767457749492499 0.9807107297852509 1.11070433859567 1.2211819928460526 1.2351235527753919 1.3336430203266076
48 480 -0.4705891029289432 -0.0622397587591817 0.14555260156690467 0.3778391813352384 0.6157550090974219 0.7310432635818594 0.8011327107810536 0.8276760973588964 0.8767457749492499 0.9807107297852509 1.11070433859567 1.2211819928460526 1.2351235527753919 1.3336430203266076
49 490 -0.4705891029289432 -0.0622397587591817 0.14555260156690467 0.3778391813352384 0.6157550090974219 0.7310432635818594 0.8011327107810536 0.8276760973588964 0.8767457749492499 0.9807107297852509 1.11070433859567 1.2211819928460526 1.2351235527753919 1.3336430203266076
50 500 -0.4705891029289432 -0.0622397587591817 0.14555260156690467 0.3778391813352384 0.6157550090974219 0.7310432635818594 0.8011327107810536 0.8276760973588964 0.8767457749492499 0.9807107297852509 1.11070433859567 1.2211819928460526 1.2351235527753919 1.3336430203266076
51 510 -0.5608126546406429 -0.018016050483480994 0.16900592428050581 0.4160139785852198 0.5481339052998743 0.5621854213342692 0.7307787521120953 0.8723394894139771 0.9423619749018463 0.9779628445273846 1.1091952981104454 1.1936611415292846 1.3122928105576137 1.3662986630912188
52 520 -0.5608126546406429 -0.018016050483480994 0.16900592428050581 0.4160139785852198 0.5481339052998743 0.5621854213342692 0.7307787521120953 0.8723394894139771 0.9423619749018463 0.9779628445273846 1.1091952981104454 1.1936611415292846 1.3122928105576137 1.3662986630912188
53 530 -0.5608126546406429 -0.018016050483480994 0.16900592428050581 0.4160139785852198 0.5481339052998743 0.5621854213342692 0.7307787521120953 0.8723394894139771 0.9423619749018463 0.9779628445273846 1.1091952981104454 1.1936611415292846 1.3122928105576137 1.3662986630912188
54 540 -0.5608126546406429 -0.018016050483480994 0.16900592428050581 0.4160139785852198 0.5481339052998743 0.5621854213342692 0.7307787521120953 0.8723394894139771 0.9423619749018463 0.9779628445273846 1.1091952981104454 1.1936611415292846 1.3122928105576137 1.3662986630912188
55 550 -0.5608126546406429 -0.018016050483480994 0.16900592428050581 0.4160139785852198 0.5481339052998743 0.5621854213342692 0.7307787521120953 0.8723394894139771 0.9423619749018463 0.9779628445273846 1.1091952981104454 1.1936611415292846 1.3122928105576137 1.3662986630912188
56 560 -0.5608126546406429 -0.018016050483480994 0.16900592428050581 0.4160139785852198 0.5481339052998743 0.5621854213342692 0.7307787521120953 0.8723394894139771 0.9423619749018463 0.9779628445273846 1.1091952981104454 1.1936611415292846 1.3122928105576137 1.3662986630912188
57 570 -0.5608126546406429 -0.018016050483480994 0.16900592428050581 0.4160139785852198 0.5481339052998743 0.5621854213342692 0.7307787521120953 0.8723394894139771 0.9423619749018463 0.9779628445273846 1.1091952981104454 1.1936611415292846 1.3122928105576137 1.3662986630912188
58 580 -0.5608126546406429 -0.018016050483480994 0.16900592428050581 0.4160139785852198 0.5481339052998743 0.5621854213342692 0.7307787521120953 0.8723394894139771 0.9423619749018463 0.9779628445273846 1.1091952981104454 1.1936611415292846 1.3122928105576137 1.3662986630912188
59 590 -0.5608126546406429 -0.018016050483480994 0.16900592428050581 0.4160139785852198 0.5481339052998743 0.5621854213342692 0.7307787521120953 0.8723394894139771 0.9423619749018463 0.9779628445273846 1.1091952981104454 1.1936611415292846 1.3122928105576137 1.3662986630912188
60 600 -0.5608126546406429 -0.018016050483480994 0.16900592428050581 0.4160139785852198 0.5481339052998743 0.5621854213342692 0.7307787521120953 0.8723394894139771 0.9423619749018463 0.9779628445273846 1.1091952981104454 1.1936611415292846 1.3122928105576137 1.3662986630912188
61 610 -0.5470561596659437 -0.011654093085494619 0.17059689734227004 0.42804817071730944 0.490579184741152 0.5632079997065914 0.6334880372720129 0.8954003376453566 0.9526559376479552 0.9838659912164986 1.1159815430189968 1.175387205084333 1.304001418960094 1.4269424457383542
62 620 -0.5470561596659437 -0.011654093085494619 0.17059689734227004 0.42804817071730944 0.490579184741152 0.5632079997065914 0.6334880372720129 0.8954003376453566 0.9526559376479552 0.9838659912164986 1.1159815430189968 1.175387205084333 1.304001418960094 1.4269424457383542
63 630 -0.5470561596659437 -0.011654093085494619 0.17059689734227004 0.42804817071730944 0.490579184741152 0.5632079997065914 0.6334880372720129 0.8954003376453566 0.9526559376479552 0.9838659912164986 1.1159815430189968 1.175387205084333 1.304001418960094 1.4269424457383542
64 640 -0.5470561596659437 -0.011654093085494619 0.17059689734227004 0.42804817071730944 0.490579184741152 0.5632079997065914 0.6334880372720129 0.8954003376453566 0.9526559376479552 0.9838659912164986 1.1159815430189968 1.175387205084333 1.304001418960094 1.4269424457383542
65 650 -0.5470561596659437 -0.011654093085494619 0.17059689734227004 0.42804817071730944 0.490579184741152 0.5632079997065914 0.6334880372720129 0.8954003376453566 0.9526559376479552 0.9838659912164986 1.1159815430189968 1.175387205084333 1.304001418960094 1.4269424457383542
66 660 -0.5470561596659437 -0.011654093085494619 0.17059689734227004 0.42804817071730944 0.490579184741152 0.5632079997065914 0.6334880372720129 0.8954003376453566 0.9526559376479552 0.9838659912164986 1.1159815430189968 1.175387205084333 1.304001418960094 1.4269424457383542
67 670 -0.5470561596659437 -0.011654093085494619 0.17059689734227004 0.42804817071730944 0.490579184741152 0.5632079997065914 0.6334880372720129 0.8954003376453566 0.9526559376479552 0.9838659912164986 1.1159815430189968 1.175387205084333 1.304001418960094 1.4269424457383542
68 680 -0.5470561596659437 -0.011654093085494619 0.17059689734227004 0.42804817071730944 0.490579184741152 0.5632079997065914 0.6334880372720129 0.8954003376453566 0.9526559376479552 0.9838659912164986 1.1159815430189968 1.175387205084333 1.304001418960094 1.4269424457383542
69 690 -0.5470561596659437 -0.011654093085494619 0.17059689734227004 0.42804817071730944 0.490579184741152 0.5632079997065914 0.6334880372720129 0.8954003376453566 0.9526559376479552 0.9838659912164986 1.1159815430189968 1.175387205084333 1.304001418960094 1.4269424457383542
70 700 -0.5470561596659437 -0.011654093085494619 0.17059689734227004 0.42804817071730944 0.490579184741152 0.5632079997065914 0.6334880372720129 0.8954003376453566 0.9526559376479552 0.9838659912164986 1.1159815430189968 1.175387205084333 1.304001418960094 1.4269424457383542
71 710 -0.4975147409866441 -0.02909974835663142 0.1528964911906547 0.4745601933826038 0.4543662633462109 0.5561525442177375 0.679549184796554 0.8780507414999499 0.9096643092965612 1.035396813829176 1.109215881379584 1.2266005417862853 1.2552354939053183 1.4287843866784944
72 720 -0.4975147409866441 -0.02909974835663142 0.1528964911906547 0.4745601933826038 0.4543662633462109 0.5561525442177375 0.679549184796554 0.8780507414999499 0.9096643092965612 1.035396813829176 1.109215881379584 1.2266005417862853 1.2552354939053183 1.4287843866784944
73 730 -0.4975147409866441 -0.02909974835663142 0.1528964911906547 0.4745601933826038 0.4543662633462109 0.5561525442177375 0.679549184796554 0.8780507414999499 0.9096643092965612 1.035396813829176 1.109215881379584 1.2266005417862853 1.2552354939053183 1.4287843866784944
74 740 -0.4975147409866441 -0.02909974835663142 0.1528964911906547 0.4745601933826038 0.4543662633462109 0.5561525442177375 0.679549184796554 0.8780507414999499 0.9096643092965612 1.035396813829176 1.109215881379584 1.2266005417862853 1.2552354939053183 1.4287843866784944
75 750 -0.4975147409866441 -0.02909974835663142 0.1528964911906547 0.4745601933826038 0.4543662633462109 0.5561525442177375 0.679549184796554 0.8780507414999499 0.9096643092965612 1.035396813829176 1.109215881379584 1.2266005417862853 1.2552354939053183 1.4287843866784944
76 760 -0.4975147409866441 -0.02909974835663142 0.1528964911906547 0.4745601933826038 0.4543662633462109 0.5561525442177375 0.679549184796554 0.8780507414999499 0.9096643092965612 1.035396813829176 1.109215881379584 1.2266005417862853 1.2552354939053183 1.4287843866784944
77 770 -0.4975147409866441 -0.02909974835663142 0.1528964911906547 0.4745601933826038 0.4543662633462109 0.5561525442177375 0.679549184796554 0.8780507414999499 0.9096643092965612 1.035396813829176 1.109215881379584 1.2266005417862853 1.2552354939053183 1.4287843866784944
78 780 -0.4975147409866441 -0.02909974835663142 0.1528964911906547 0.4745601933826038 0.4543662633462109 0.5561525442177375 0.679549184796554 0.8780507414999499 0.9096643092965612 1.035396813829176 1.109215881379584 1.2266005417862853 1.2552354939053183 1.4287843866784944
79 790 -0.4975147409866441 -0.02909974835663142 0.1528964911906547 0.4745601933826038 0.4543662633462109 0.5561525442177375 0.679549184796554 0.8780507414999499 0.9096643092965612 1.035396813829176 1.109215881379584 1.2266005417862853 1.2552354939053183 1.4287843866784944
80 800 -0.4975147409866441 -0.02909974835663142 0.1528964911906547 0.4745601933826038 0.4543662633462109 0.5561525442177375 0.679549184796554 0.8780507414999499 0.9096643092965612 1.035396813829176 1.109215881379584 1.2266005417862853 1.2552354939053183 1.4287843866784944
81 810 -0.5390133871160012 -0.08040982809196318 0.19536081667188743 0.41604196269523763 0.4487242134061734 0.5431200879475159 0.6706044927858867 0.7069789060908178 0.9020852021589554 0.9638805366573617 1.1124194193877468 1.2001360023746381 1.401115634360306 1.4732229228437326
82 820 -0.5390133871160012 -0.08040982809196318 0.19536081667188743 0.41604196269523763 0.4487242134061734 0.5431200879475159 0.6706044927858867 0.7069789060908178 0.9020852021589554 0.9638805366573617 1.1124194193877468 1.2001360023746381 1.401115634360306 1.4732229228437326
83 830 -0.5390133871160012 -0.08040982809196318 0.19536081667188743 0.41604196269523763 0.4487242134061734 0.5431200879475159 0.6706044927858867 0.7069789060908178 0.9020852021589554 0.9638805366573617 1.1124194193877468 1.2001360023746381 1.401115634360306 1.4732229228437326
84 840 -0.5390133871160012 -0.08040982809196318 0.19536081667188743 0.41604196269523763 0.4487242134061734 0.5431200879475159 0.6706044927858867 0.7069789060908178 0.9020852021589554 0.9638805366573617 1.1124194193877468 1.2001360023746381 1.401115634360306 1.4732229228437326
85 850 -0.5390133871160012 -0.08040982809196318 0.19536081667188743 0.41604196269523763 0.4487242134061734 0.5431200879475159 0.6706044927858867 0.7069789060908178 0.9020852021589554 0.9638805366573617 1.1124194193877468 1.2001360023746381 1.401115634360306 1.4732229228437326
86 860 -0.5390133871160012 -0.08040982809196318 0.19536081667188743 0.41604196269523763 0.4487242134061734 0.5431200879475159 0.6706044927858867 0.7069789060908178 0.9020852021589554 0.9638805366573617 1.1124194193877468 1.2001360023746381 1.401115634360306 1.4732229228437326
87 870 -0.5390133871160012 -0.08040982809196318 0.19536081667188743 0.41604196269523763 0.4487242134061734 0.5431200879475159 0.6706044927858867 0.7069789060908178 0.9020852021589554 0.9638805366573617 1.1124194193877468 1.2001360023746381 1.401115634360306 1.4732229228437326
88 880 -0.5390133871160012 -0.08040982809196318 0.19536081667188743 0.41604196269523763 0.4487242134061734 0.5431200879475159 0.6706044927858867 0.7069789060908178 0.9020852021589554 0.9638805366573617 1.1124194193877468 1.2001360023746381 1.401115634360306 1.4732229228437326
89 890 -0.5390133871160012 -0.08040982809196318 0.19536081667188743 0.41604196269523763 0.4487242134061734 0.5431200879475159 0.6706044927858867 0.7069789060908178 0.9020852021589554 0.9638805366573617 1.1124194193877468 1.2001360023746381 1.401115634360306 1.4732229228437326
90 900 -0.5390133871160012 -0.08040982809196318 0.19536081667188743 0.41604196269523763 0.4487242134061734 0.5431200879475159 0.6706044927858867 0.7069789060908178 0.9020852021589554 0.9638805366573617 1.1124194193877468 1.2001360023746381 1.401115634360306 1.4732229228437326
91 910 -0.4571685708292315 -0.12843473813352593 0.2063723872685877 0.5220074818575071 0.4099011965984458 0.46636834565775726 0.6714021207583467 0.7225426968519258 0.8309973753523056 0.9408726421302408 1.10586397597843 1.1728664731769924 1.4132153404943504 1.5716572006112444
92 920 -0.4571685708292315 -0.12843473813352593 0.2063723872685877 0.5220074818575071 0.4099011965984458 0.46636834565775726 0.6714021207583467 0.7225426968519258 0.8309973753523056 0.9408726421302408 1.10586397597843 1.1728664731769924 1.4132153404943504 1.5716572006112444
93 930 -0.4571685708292315 -0.12843473813352593 0.2063723872685877 0.5220074818575071 0.4099011965984458 0.46636834565775726 0.6714021207583467 0.7225426968519258 0.8309973753523056 0.9408726421302408 1.10586397597843 1.1728664731769924 1.4132153404943504 1.5716572006112444
94 940 -0.4571685708292315 -0.12843473813352593 0.2063723872685877 0.5220074818575071 0.4099011965984458 0.46636834565775726 0.6714021207583467 0.7225426968519258 0.8309973753523056 0.9408726421302408 1.10586397597843 1.1728664731769924 1.4132153404943504 1.5716572006112444
95 950 -0.4571685708292315 -0.12843473813352593 0.2063723872685877 0.5220074818575071 0.4099011965984458 0.46636834565775726 0.6714021207583467 0.7225426968519258 0.8309973753523056 0.9408726421302408 1.10586397597843 1.1728664731769924 1.4132153404943504 1.5716572006112444
96 960 -0.4571685708292315 -0.12843473813352593 0.2063723872685877 0.5220074818575071 0.4099011965984458 0.46636834565775726 0.6714021207583467 0.7225426968519258 0.8309973753523056 0.9408726421302408 1.10586397597843 1.1728664731769924 1.4132153404943504 1.5716572006112444
97 970 -0.4571685708292315 -0.12843473813352593 0.2063723872685877 0.5220074818575071 0.4099011965984458 0.46636834565775726 0.6714021207583467 0.7225426968519258 0.8309973753523056 0.9408726421302408 1.10586397597843 1.1728664731769924 1.4132153404943504 1.5716572006112444
98 980 -0.4571685708292315 -0.12843473813352593 0.2063723872685877 0.5220074818575071 0.4099011965984458 0.46636834565775726 0.6714021207583467 0.7225426968519258 0.8309973753523056 0.9408726421302408 1.10586397597843 1.1728664731769924 1.4132153404943504 1.5716572006112444
99 990 -0.4571685708292315 -0.12843473813352593 0.2063723872685877 0.5220074818575071 0.4099011965984458 0.46636834565775726 0.6714021207583467 0.7225426968519258 0.8309973753523056 0.9408726421302408 1.10586397597843 1.1728664731769924 1.4132153404943504 1.5716572006112444
100 1000 -0.4571685708292315 -0.12843473813352593 0.2063723872685877 0.5220074818575071 0.4099011965984458 0.46636834565775726 0.6714021207583467 0.7225426968519258 0.8309973753523056 0.9408726421302408 1.10586397597843 1.1728664731769924 1.4132153404943504 1.5716572006112444
101 1010 -0.4371218576739446 -0.11890239889511518 0.20322676099280798 0.5360555297206433 0.3879974704990016 0.43081785486879454 0.6400886219872601 0.7294359055942077 0.8667293525864682 0.9406050494000441 1.1125784366447422 1.1880571222397145 1.4342738476569468 1.5426127678031143
102 1020 -0.4371218576739446 -0.11890239889511518 0.20322676099280798 0.5360555297206433 0.3879974704990016 0.43081785486879454 0.6400886219872601 0.7294359055942077 0.8667293525864682 0.9406050494000441 1.1125784366447422 1.1880571222397145 1.4342738476569468 1.5426127678031143
103 1030 -0.4371218576739446 -0.11890239889511518 0.20322676099280798 0.5360555297206433 0.3879974704990016 0.43081785486879454 0.6400886219872601 0.7294359055942077 0.8667293525864682 0.9406050494000441 1.1125784366447422 1.1880571222397145 1.4342738476569468 1.5426127678031143
104 1040 -0.4371218576739446 -0.11890239889511518 0.20322676099280798 0.5360555297206433 0.3879974704990016 0.43081785486879454 0.6400886219872601 0.7294359055942077 0.8667293525864682 0.9406050494000441 1.1125784366447422 1.1880571222397145 1.4342738476569468 1.5426127678031143
105 1050 -0.4371218576739446 -0.11890239889511518 0.20322676099280798 0.5360555297206433 0.3879974704990016 0.43081785486879454 0.6400886219872601 0.7294359055942077 0.8667293525864682 0.9406050494000441 1.1125784366447422 1.1880571222397145 1.4342738476569468 1.5426127678031143
106 1060 -0.4371218576739446 -0.11890239889511518 0.20322676099280798 0.5360555297206433 0.3879974704990016 0.43081785486879454 0.6400886219872601 0.7294359055942077 0.8667293525864682 0.9406050494000441 1.1125784366447422 1.1880571222397145 1.4342738476569468 1.5426127678031143
107 1070 -0.4371218576739446 -0.11890239889511518 0.20322676099280798 0.5360555297206433 0.3879974704990016 0.43081785486879454 0.6400886219872601 0.7294359055942077 0.8667293525864682 0.9406050494000441 1.1125784366447422 1.1880571222397145 1.4342738476569468 1.5426127678031143
108 1080 -0.4371218576739446 -0.11890239889511518 0.20322676099280798 0.5360555297206433 0.3879974704990016 0.43081785486879454 0.6400886219872601 0.7294359055942077 0.8667293525864682 0.9406050494000441 1.1125784366447422 1.1880571222397145 1.4342738476569468 1.5426127678031143
109 1090 -0.4371218576739446 -0.11890239889511518 0.20322676099280798 0.5360555297206433 0.3879974704990016 0.43081785486879454 0.6400886219872601 0.7294359055942077 0.8667293525864682 0.9406050494000441 1.1125784366447422 1.1880571222397145 1.4342738476569468 1.5426127678031143
110 1100 -0.4371218576739446 -0.11890239889511518 0.20322676099280798 0.5360555297206433 0.3879974704990016 0.43081785486879454 0.6400886219872601 0.7294359055942077 0.8667293525864682 0.9406050494000441 1.1125784366447422 1.1880571222397145 1.4342738476569468 1.5426127678031143
111 1110 -0.5192922528107456 -0.12423817477395842 0.18959701896975018 0.5259665489262508 0.38400836649026815 0.46785708287128286 0.6617941245407432 0.7283491120312173 0.803146042560878 0.9347793173981094 1.1057972870754151 1.1826910814976161 1.3989003711577321 1.6024541839005175
112 1120 -0.5192922528107456 -0.12423817477395842 0.18959701896975018 0.5259665489262508 0.38400836649026815 0.46785708287128286 0.6617941245407432 0.7283491120312173 0.803146042560878 0.9347793173981094 1.1057972870754151 1.1826910814976161 1.3989003711577321 1.6024541839005175
113 1130 -0.5192922528107456 -0.12423817477395842 0.18959701896975018 0.5259665489262508 0.38400836649026815 0.46785708287128286 0.6617941245407432 0.7283491120312173 0.803146042560878 0.9347793173981094 1.1057972870754151 1.1826910814976161 1.3989003711577321 1.6024541839005175
114 1140 -0.5192922528107456 -0.12423817477395842 0.18959701896975018 0.5259665489262508 0.38400836649026815 0.46785708287128286 0.6617941245407432 0.7283491120312173 0.803146042560878 0.9347793173981094 1.1057972870754151 1.1826910814976161 1.3989003711577321 1.6024541839005175
115 1150 -0.5192922528107456 -0.12423817477395842 0.18959701896975018 0.5259665489262508 0.38400836649026815 0.46785708287128286 0.6617941245407432 0.7283491120312173 0.803146042560878 0.9347793173981094 1.1057972870754151 1.1826910814976161 1.3989003711577321 1.6024541839005175
116 1160 -0.5192922528107456 -0.12423817477395842 0.18959701896975018 0.5259665489262508 0.38400836649026815 0.46785708287128286 0.6617941245407432 0.7283491120312173 0.803146042560878 0.9347793173981094 1.1057972870754151 1.1826910814976161 1.3989003711577321 1.6024541839005175
117 1170 -0.5192922528107456 -0.12423817477395842 0.18959701896975018 0.5259665489262508 0.38400836649026815 0.46785708287128286 0.6617941245407432 0.7283491120312173 0.803146042560878 0.9347793173981094 1.1057972870754151 1.1826910814976161 1.3989003711577321 1.6024541839005175
118 1180 -0.5192922528107456 -0.12423817477395842 0.18959701896975018 0.5259665489262508 0.38400836649026815 0.46785708287128286 0.6617941245407432 0.7283491120312173 0.803146042560878 0.9347793173981094 1.1057972870754151 1.1826910814976161 1.3989003711577321 1.6024541839005175
119 1190 -0.5192922528107456 -0.12423817477395842 0.18959701896975018 0.5259665489262508 0.38400836649026815 0.46785708287128286 0.6617941245407432 0.7283491120312173 0.803146042560878 0.9347793173981094 1.1057972870754151 1.1826910814976161 1.3989003711577321 1.6024541839005175
120 1200 -0.5192922528107456 -0.12423817477395842 0.18959701896975018 0.5259665489262508 0.38400836649026815 0.46785708287128286 0.6617941245407432 0.7283491120312173 0.803146042560878 0.9347793173981094 1.1057972870754151 1.1826910814976161 1.3989003711577321 1.6024541839005175
121 1210 -0.5542419545975317 -0.206842719237042 0.1499978415523196 0.5197084178872656 0.38816603998496674 0.4605352248020605 0.5914769105878595 0.7240536448895785 0.8121931519648905 0.9794115907288296 1.0343418990225812 1.1433274190191178 1.472270682847788 1.6123241984173575
122 1220 -0.5542419545975317 -0.206842719237042 0.1499978415523196 0.5197084178872656 0.38816603998496674 0.4605352248020605 0.5914769105878595 0.7240536448895785 0.8121931519648905 0.9794115907288296 1.0343418990225812 1.1433274190191178 1.472270682847788 1.6123241984173575
123 1230 -0.5542419545975317 -0.206842719237042 0.1499978415523196 0.5197084178872656 0.38816603998496674 0.4605352248020605 0.5914769105878595 0.7240536448895785 0.8121931519648905 0.9794115907288296 1.0343418990225812 1.1433274190191178 1.472270682847788 1.6123241984173575
124 1240 -0.5542419545975317 -0.206842719237042 0.1499978415523196 0.5197084178872656 0.38816603998496674 0.4605352248020605 0.5914769105878595 0.7240536448895785 0.8121931519648905 0.9794115907288296 1.0343418990225812 1.1433274190191178 1.472270682847788 1.6123241984173575
125 1250 -0.5542419545975317 -0.206842719237042 0.1499978415523196 0.5197084178872656 0.38816603998496674 0.4605352248020605 0.5914769105878595 0.7240536448895785 0.8121931519648905 0.9794115907288296 1.0343418990225812 1.1433274190191178 1.472270682847788 1.6123241984173575
126 1260 -0.5542419545975317 -0.206842719237042 0.1499978415523196 0.5197084178872656 0.38816603998496674 0.4605352248020605 0.5914769105878595 0.7240536448895785 0.8121931519648905 0.9794115907288296 1.0343418990225812 1.1433274190191178 1.472270682847788 1.6123241984173575
127 1270 -0.5542419545975317 -0.206842719237042 0.1499978415523196 0.5197084178872656 0.38816603998496674 0.4605352248020605 0.5914769105878595 0.7240536448895785 0.8121931519648905 0.9794115907288296 1.0343418990225812 1.1433274190191178 1.472270682847788 1.6123241984173575
128 1280 -0.5542419545975317 -0.206842719237042 0.1499978415523196 0.5197084178872656 0.38816603998496674 0.4605352248020605 0.5914769105878595 0.7240536448895785 0.8121931519648905 0.9794115907288296 1.0343418990225812 1.1433274190191178 1.472270682847788 1.6123241984173575
129 1290 -0.5542419545975317 -0.206842719237042 0.1499978415523196 0.5197084178872656 0.38816603998496674 0.4605352248020605 0.5914769105878595 0.7240536448895785 0.8121931519648905 0.9794115907288296 1.0343418990225812 1.1433274190191178 1.472270682847788 1.6123241984173575
130 1300 -0.5542419545975317 -0.206842719237042 0.1499978415523196 0.5197084178872656 0.38816603998496674 0.4605352248020605 0.5914769105878595 0.7240536448895785 0.8121931519648905 0.9794115907288296 1.0343418990225812 1.1433274190191178 1.472270682847788 1.6123241984173575
131 1310 -0.6027536275036753 -0.18742891442073534 0.11791823085729747 0.496404896837406 0.3880784295419312 0.4692040171743396 0.5922935785288878 0.6924673846531999 0.8220823258889699 0.9466888703597716 1.1604005453027986 1.2169913688335194 1.36973439380216 1.5884303781078246
132 1320 -0.6027536275036753 -0.18742891442073534 0.11791823085729747 0.496404896837406 0.3880784295419312 0.4692040171743396 0.5922935785288878 0.6924673846531999 0.8220823258889699 0.9466888703597716 1.1604005453027986 1.2169913688335194 1.36973439380216 1.5884303781078246
133 1330 -0.6027536275036753 -0.18742891442073534 0.11791823085729747 0.496404896837406 0.3880784295419312 0.4692040171743396 0.5922935785288878 0.6924673846531999 0.8220823258889699 0.9466888703597716 1.1604005453027986 1.2169913688335194 1.36973439380216 1.5884303781078246
134 1340 -0.6027536275036753 -0.18742891442073534 0.11791823085729747 0.496404896837406 0.3880784295419312 0.4692040171743396 0.5922935785288878 0.6924673846531999 0.8220823258889699 0.9466888703597716 1.1604005453027986 1.2169913688335194 1.36973439380216 1.5884303781078246
135 1350 -0.6027536275036753 -0.18742891442073534 0.11791823085729747 0.496404896837406 0.3880784295419312 0.4692040171743396 0.5922935785288878 0.6924673846531999 0.8220823258889699 0.9466888703597716 1.1604005453027986 1.2169913688335194 1.36973439380216 1.5884303781078246
136 1360 -0.6027536275036753 -0.18742891442073534 0.11791823085729747 0.496404896837406 0.3880784295419312 0.4692040171743396 0.5922935785288878 0.6924673846531999 0.8220823258889699 0.9466888703597716 1.1604005453027986 1.2169913688335194 1.36973439380216 1.5884303781078246
137 1370 -0.6027536275036753 -0.18742891442073534 0.11791823085729747 0.496404896837406 0.3880784295419312 0.4692040171743396 0.5922935785288878 0.6924673846531999 0.8220823258889699 0.9466888703597716 1.1604005453027986 1.2169913688335194 1.36973439380216 1.5884303781078246
138 1380 -0.6027536275036753 -0.18742891442073534 0.11791823085729747 0.496404896837406 0.3880784295419312 0.4692040171743396 0.5922935785288878 0.6924673846531999 0.8220823258889699 0.9466888703597716 1.1604005453027986 1.2169913688335194 1.36973439380216 1.5884303781078246
139 1390 -0.6027536275036753 -0.18742891442073534 0.11791823085729747 0.496404896837406 0.3880784295419312 0.4692040171743396 0.5922935785288878 0.6924673846531999 0.8220823258889699 0.9466888703597716 1.1604005453027986 1.2169913688335194 1.36973439380216 1.5884303781078246
140 1400 -0.6027536275036753 -0.18742891442073534 0.11791823085729747 0.496404896837406 0.3880784295419312 0.4692040171743396 0.5922935785288878 0.6924673846531999 0.8220823258889699 0.9466888703597716 1.1604005453027986 1.2169913688335194 1.36973439380216 1.5884303781078246
141 1410 -0.5779241336058569 -0.17642492534471566 0.16081903328026592 0.5175040798398702 0.4403822844745847 0.46369125411299444 0.576104982283675 0.7396226326363102 0.7688966388283094 0.9985964438851158 1.0325291449030356 1.2832287292877083 1.3706801378682332 1.5912768235064052
142 1420 -0.5779241336058569 -0.17642492534471566 0.16081903328026592 0.5175040798398702 0.4403822844745847 0.46369125411299444 0.576104982283675 0.7396226326363102 0.7688966388283094 0.9985964438851158 1.0325291449030356 1.2832287292877083 1.3706801378682332 1.5912768235064052
143 1430 -0.5779241336058569 -0.17642492534471566 0.16081903328026592 0.5175040798398702 0.4403822844745847 0.46369125411299444 0.576104982283675 0.7396226326363102 0.7688966388283094 0.9985964438851158 1.0325291449030356 1.2832287292877083 1.3706801378682332 1.5912768235064052
144 1440 -0.5779241336058569 -0.17642492534471566 0.16081903328026592 0.5175040798398702 0.4403822844745847 0.46369125411299444 0.576104982283675 0.7396226326363102 0.7688966388283094 0.9985964438851158 1.0325291449030356 1.2832287292877083 1.3706801378682332 1.5912768235064052
145 1450 -0.5779241336058569 -0.17642492534471566 0.16081903328026592 0.5175040798398702 0.4403822844745847 0.46369125411299444 0.576104982283675 0.7396226326363102 0.7688966388283094 0.9985964438851158 1.0325291449030356 1.2832287292877083 1.3706801378682332 1.5912768235064052
146 1460 -0.5779241336058569 -0.17642492534471566 0.16081903328026592 0.5175040798398702 0.4403822844745847 0.46369125411299444 0.576104982283675 0.7396226326363102 0.7688966388283094 0.9985964438851158 1.0325291449030356 1.2832287292877083 1.3706801378682332 1.5912768235064052
147 1470 -0.5779241336058569 -0.17642492534471566 0.16081903328026592 0.5175040798398702 0.4403822844745847 0.46369125411299444 0.576104982283675 0.7396226326363102 0.7688966388283094 0.9985964438851158 1.0325291449030356 1.2832287292877083 1.3706801378682332 1.5912768235064052
148 1480 -0.5779241336058569 -0.17642492534471566 0.16081903328026592 0.5175040798398702 0.4403822844745847 0.46369125411299444 0.576104982283675 0.7396226326363102 0.7688966388283094 0.9985964438851158 1.0325291449030356 1.2832287292877083 1.3706801378682332 1.5912768235064052
149 1490 -0.5779241336058569 -0.17642492534471566 0.16081903328026592 0.5175040798398702 0.4403822844745847 0.46369125411299444 0.576104982283675 0.7396226326363102 0.7688966388283094 0.9985964438851158 1.0325291449030356 1.2832287292877083 1.3706801378682332 1.5912768235064052
150 1500 -0.5779241336058569 -0.17642492534471566 0.16081903328026592 0.5175040798398702 0.4403822844745847 0.46369125411299444 0.576104982283675 0.7396226326363102 0.7688966388283094 0.9985964438851158 1.0325291449030356 1.2832287292877083 1.3706801378682332 1.5912768235064052
150 1500 -0.5779241336058569 -0.17642492534471566 0.16081903328026592 0.5175040798398702 0.4403822844745847 0.46369125411299444 0.576104982283675 0.7396226326363102 0.7688966388283094 0.9985964438851158 1.0325291449030356 1.2832287292877083 1.3706801378682332 1.5912768235064052
