% # columns="iteration, evaluation, min 25%tile 75%tile max correlation, correlation matrix principal axes lengths  (sorted square roots of eigenvalues of correlation matrix)", seed=738630, Sun Jun 28 18:39:08 2026
1 10 -0.04381081899592073 -0.017193261902306908 0.019375508443674274 0.07618664749632541 0.9131111425623601 0.9700874390673564 0.9774089460507056 0.9973481144944129 1.0003315624157487 1.0024079928616296 1.0075182256600534 1.0099449971086323 1.0478574782234873 1.0660931979793558
2 20 -0.10851989998280656 -0.025439309927187837 0.03459723526890098 0.10220706536947699 0.9131111425623601 0.9700874390673564 0.9774089460507056 0.9973481144944129 1.0003315624157487 1.0024079928616296 1.0075182256600534 1.0099449971086323 1.0478574782234873 1.0660931979793558
3 30 -0.1175015199355319 -0.02203753501844016 0.036757648706329915 0.103302139852984 0.9131111425623601 0.9700874390673564 0.9774089460507056 0.9973481144944129 1.0003315624157487 1.0024079928616296 1.0075182256600534 1.0099449971086323 1.0478574782234873 1.0660931979793558
4 40 -0.1276393217987899 -0.037076702725774346 0.04415611510349185 0.10665213356977776 0.9131111425623601 0.9700874390673564 0.9774089460507056 0.9973481144944129 1.0003315624157487 1.0024079928616296 1.0075182256600534 1.0099449971086323 1.0478574782234873 1.0660931979793558
5 50 -0.14664753909521924 -0.03186357257602991 0.04714252646615364 0.16103705409089297 0.9131111425623601 0.9700874390673564 0.9774089460507056 0.9973481144944129 1.0003315624157487 1.0024079928616296 1.0075182256600534 1.0099449971086323 1.0478574782234873 1.0660931979793558
6 60 -0.12010929548583889 -0.036988452615543704 0.059548066879554135 0.15580316695421054 0.9131111425623601 0.9700874390673564 0.9774089460507056 0.9973481144944129 1.0003315624157487 1.0024079928616296 1.0075182256600534 1.0099449971086323 1.0478574782234873 1.0660931979793558
7 70 -0.14193036246909183 -0.03683398383586883 0.050816269683096785 0.12617499529967455 0.9131111425623601 0.9700874390673564 0.9774089460507056 0.9973481144944129 1.0003315624157487 1.0024079928616296 1.0075182256600534 1.0099449971086323 1.0478574782234873 1.0660931979793558
8 80 -0.18631986200609665 -0.03689634583004003 0.049303020725914345 0.13050285714300452 0.9131111425623601 0.9700874390673564 0.9774089460507056 0.9973481144944129 1.0003315624157487 1.0024079928616296 1.0075182256600534 1.0099449971086323 1.0478574782234873 1.0660931979793558
9 90 -0.18840019243495734 -0.028314902660393194 0.06071403258151605 0.13591390579723808 0.9131111425623601 0.9700874390673564 0.9774089460507056 0.9973481144944129 1.0003315624157487 1.0024079928616296 1.0075182256600534 1.0099449971086323 1.0478574782234873 1.0660931979793558
10 100 -0.1952388711161624 -0.026123875138073786 0.06820852994266731 0.22967770565197998 0.9131111425623601 0.9700874390673564 0.9774089460507056 0.9973481144944129 1.0003315624157487 1.0024079928616296 1.0075182256600534 1.0099449971086323 1.0478574782234873 1.0660931979793558
11 110 -0.22940532736800234 -0.02507355875375214 0.07749145736069524 0.3052265325684127 0.7483072971659064 0.8575770863178619 0.8706704084999064 0.9450326136557604 0.986229534768827 1.0020187924231205 1.0256856835393418 1.0392952898411605 1.0885919481998576 1.326482386883375
12 120 -0.21740563248131892 -0.029923100222307597 0.08512944260690972 0.3206662209268453 0.7483072971659064 0.8575770863178619 0.8706704084999064 0.9450326136557604 0.986229534768827 1.0020187924231205 1.0256856835393418 1.0392952898411605 1.0885919481998576 1.326482386883375
13 130 -0.21101035692649983 -0.047349299815068566 0.0889312480425502 0.29561229669955874 0.7483072971659064 0.8575770863178619 0.8706704084999064 0.9450326136557604 0.986229534768827 1.0020187924231205 1.0256856835393418 1.0392952898411605 1.0885919481998576 1.326482386883375
14 140 -0.2587947316189342 -0.045351504802568374 0.10942240818916549 0.2998474602724416 0.7483072971659064 0.8575770863178619 0.8706704084999064 0.9450326136557604 0.986229534768827 1.0020187924231205 1.0256856835393418 1.0392952898411605 1.0885919481998576 1.326482386883375
15 150 -0.2225883558566491 -0.06745506049580573 0.11086964247237319 0.3035648612432354 0.7483072971659064 0.8575770863178619 0.8706704084999064 0.9450326136557604 0.986229534768827 1.0020187924231205 1.0256856835393418 1.0392952898411605 1.0885919481998576 1.326482386883375
16 160 -0.18006478027385675 -0.07368982624863198 0.08907476995640251 0.2956220614728539 0.7483072971659064 0.8575770863178619 0.8706704084999064 0.9450326136557604 0.986229534768827 1.0020187924231205 1.0256856835393418 1.0392952898411605 1.0885919481998576 1.326482386883375
17 170 -0.1966755201583401 -0.08329526050967644 0.08048306737895213 0.28935395103041106 0.7483072971659064 0.8575770863178619 0.8706704084999064 0.9450326136557604 0.986229534768827 1.0020187924231205 1.0256856835393418 1.0392952898411605 1.0885919481998576 1.326482386883375
18 180 -0.19598246494545501 -0.08305805681678141 0.08915126909812734 0.3010510628876221 0.7483072971659064 0.8575770863178619 0.8706704084999064 0.9450326136557604 0.986229534768827 1.0020187924231205 1.0256856835393418 1.0392952898411605 1.0885919481998576 1.326482386883375
19 190 -0.1829580018455258 -0.09362694585890002 0.07860294249768156 0.33128556016521266 0.7483072971659064 0.8575770863178619 0.8706704084999064 0.9450326136557604 0.986229534768827 1.0020187924231205 1.0256856835393418 1.0392952898411605 1.0885919481998576 1.326482386883375
20 200 -0.20266291392599747 -0.08793972645760462 0.09153804595247417 0.35106997690251945 0.7483072971659064 0.8575770863178619 0.8706704084999064 0.9450326136557604 0.986229534768827 1.0020187924231205 1.0256856835393418 1.0392952898411605 1.0885919481998576 1.326482386883375
21 210 -0.21492222936325536 -0.09389258817051765 0.0866129372840492 0.3659424400063559 0.753110267810445 0.7618430664386734 0.8406614838654768 0.8837354887095884 0.9447812136512589 1.035653114285631 1.0492617016087873 1.0861069295608243 1.1205508685359802 1.3650342037841012
22 220 -0.2071797078068127 -0.09213723067103555 0.09839465672030005 0.37105456217334926 0.753110267810445 0.7618430664386734 0.8406614838654768 0.8837354887095884 0.9447812136512589 1.035653114285631 1.0492617016087873 1.0861069295608243 1.1205508685359802 1.3650342037841012
23 230 -0.21061214625115815 -0.1076660601385808 0.08907622853889018 0.3515811763245447 0.753110267810445 0.7618430664386734 0.8406614838654768 0.8837354887095884 0.9447812136512589 1.035653114285631 1.0492617016087873 1.0861069295608243 1.1205508685359802 1.3650342037841012
24 240 -0.2541689996287038 -0.0974579575725664 0.08037972217529006 0.3700938170857993 0.753110267810445 0.7618430664386734 0.8406614838654768 0.8837354887095884 0.9447812136512589 1.035653114285631 1.0492617016087873 1.0861069295608243 1.1205508685359802 1.3650342037841012
25 250 -0.2857374997195958 -0.09465519003770237 0.0838209003711792 0.355087289052183 0.753110267810445 0.7618430664386734 0.8406614838654768 0.8837354887095884 0.9447812136512589 1.035653114285631 1.0492617016087873 1.0861069295608243 1.1205508685359802 1.3650342037841012
26 260 -0.30320883549426075 -0.0937431801116832 0.08306843679130606 0.37290965603979376 0.753110267810445 0.7618430664386734 0.8406614838654768 0.8837354887095884 0.9447812136512589 1.035653114285631 1.0492617016087873 1.0861069295608243 1.1205508685359802 1.3650342037841012
27 270 -0.29937456837307985 -0.08902166196087352 0.1085649265912591 0.3765218381820961 0.753110267810445 0.7618430664386734 0.8406614838654768 0.8837354887095884 0.9447812136512589 1.035653114285631 1.0492617016087873 1.0861069295608243 1.1205508685359802 1.3650342037841012
28 280 -0.2759645554561607 -0.1158394722185462 0.09101107612367504 0.39288784360598883 0.753110267810445 0.7618430664386734 0.8406614838654768 0.8837354887095884 0.9447812136512589 1.035653114285631 1.0492617016087873 1.0861069295608243 1.1205508685359802 1.3650342037841012
29 290 -0.2663286562195996 -0.1312067168253516 0.08079013712233454 0.39124500725266903 0.753110267810445 0.7618430664386734 0.8406614838654768 0.8837354887095884 0.9447812136512589 1.035653114285631 1.0492617016087873 1.0861069295608243 1.1205508685359802 1.3650342037841012
30 300 -0.21870003397691298 -0.12045609082139169 0.09552353921181862 0.3686433806064234 0.753110267810445 0.7618430664386734 0.8406614838654768 0.8837354887095884 0.9447812136512589 1.035653114285631 1.0492617016087873 1.0861069295608243 1.1205508685359802 1.3650342037841012
31 310 -0.23171705620583896 -0.11738603585751536 0.08624594887191199 0.3551373624004772 0.7154221145471207 0.7294849851928045 0.8203770780620442 0.8354370088205035 0.9034045309512416 0.9940496570703882 1.0952866217549346 1.173855508326538 1.21251567910738 1.3164311721121245
32 320 -0.24449703720009927 -0.1139689122140939 0.10374408318847776 0.3423479154827087 0.7154221145471207 0.7294849851928045 0.8203770780620442 0.8354370088205035 0.9034045309512416 0.9940496570703882 1.0952866217549346 1.173855508326538 1.21251567910738 1.3164311721121245
33 330 -0.24235110936976034 -0.10196019306971432 0.08591313800660158 0.30162055146728806 0.7154221145471207 0.7294849851928045 0.8203770780620442 0.8354370088205035 0.9034045309512416 0.9940496570703882 1.0952866217549346 1.173855508326538 1.21251567910738 1.3164311721121245
34 340 -0.24851593961242677 -0.0957155811160675 0.0907687476933973 0.2923164735404767 0.7154221145471207 0.7294849851928045 0.8203770780620442 0.8354370088205035 0.9034045309512416 0.9940496570703882 1.0952866217549346 1.173855508326538 1.21251567910738 1.3164311721121245
35 350 -0.3124035489461569 -0.1067894463802605 0.0850097125090956 0.2876824699085806 0.7154221145471207 0.7294849851928045 0.8203770780620442 0.8354370088205035 0.9034045309512416 0.9940496570703882 1.0952866217549346 1.173855508326538 1.21251567910738 1.3164311721121245
36 360 -0.3289768255914127 -0.12000196089285109 0.08236837485080056 0.3193664324126436 0.7154221145471207 0.7294849851928045 0.8203770780620442 0.8354370088205035 0.9034045309512416 0.9940496570703882 1.0952866217549346 1.173855508326538 1.21251567910738 1.3164311721121245
37 370 -0.32298878768935324 -0.13631216871065366 0.07791812654480056 0.3976951767855181 0.7154221145471207 0.7294849851928045 0.8203770780620442 0.8354370088205035 0.9034045309512416 0.9940496570703882 1.0952866217549346 1.173855508326538 1.21251567910738 1.3164311721121245
38 380 -0.3505054403759787 -0.13251496254196174 0.07711736439521101 0.4714230624282265 0.7154221145471207 0.7294849851928045 0.8203770780620442 0.8354370088205035 0.9034045309512416 0.9940496570703882 1.0952866217549346 1.173855508326538 1.21251567910738 1.3164311721121245
39 390 -0.37078220358175096 -0.12594214974161325 0.07344534501068566 0.46381606239492923 0.7154221145471207 0.7294849851928045 0.8203770780620442 0.8354370088205035 0.9034045309512416 0.9940496570703882 1.0952866217549346 1.173855508326538 1.21251567910738 1.3164311721121245
40 400 -0.3524560370341527 -0.11774425641153756 0.07062513257068899 0.4916882653969133 0.7154221145471207 0.7294849851928045 0.8203770780620442 0.8354370088205035 0.9034045309512416 0.9940496570703882 1.0952866217549346 1.173855508326538 1.21251567910738 1.3164311721121245
41 410 -0.3917602638681354 -0.12245558658541249 0.06455535764968762 0.5029576440436642 0.6461114214678024 0.7027473164338387 0.7427438001494283 0.822177662123082 0.927467990458905 1.0489852207396315 1.1122549237166743 1.1416070696729574 1.2185955591980213 1.3693509627290041
42 420 -0.42699201763084826 -0.13469681115654847 0.0760987734440204 0.518571438335956 0.6461114214678024 0.7027473164338387 0.7427438001494283 0.822177662123082 0.927467990458905 1.0489852207396315 1.1122549237166743 1.1416070696729574 1.2185955591980213 1.3693509627290041
43 430 -0.43177809525490096 -0.13362310653874607 0.0868386242485412 0.5260779998423643 0.6461114214678024 0.7027473164338387 0.7427438001494283 0.822177662123082 0.927467990458905 1.0489852207396315 1.1122549237166743 1.1416070696729574 1.2185955591980213 1.3693509627290041
44 440 -0.4638035767545477 -0.1264175179513948 0.08124415014791486 0.5478359640199967 0.6461114214678024 0.7027473164338387 0.7427438001494283 0.822177662123082 0.927467990458905 1.0489852207396315 1.1122549237166743 1.1416070696729574 1.2185955591980213 1.3693509627290041
45 450 -0.47213092460956757 -0.13272281501696528 0.0875280319279707 0.566055738724484 0.6461114214678024 0.7027473164338387 0.7427438001494283 0.822177662123082 0.927467990458905 1.0489852207396315 1.1122549237166743 1.1416070696729574 1.2185955591980213 1.3693509627290041
46 460 -0.48990994241595953 -0.15719088614312113 0.10211940503050368 0.5570917661772099 0.6461114214678024 0.7027473164338387 0.7427438001494283 0.822177662123082 0.927467990458905 1.0489852207396315 1.1122549237166743 1.1416070696729574 1.2185955591980213 1.3693509627290041
47 470 -0.4947851903538602 -0.15222669416920503 0.08429932876314458 0.5625630231529176 0.6461114214678024 0.7027473164338387 0.7427438001494283 0.822177662123082 0.927467990458905 1.0489852207396315 1.1122549237166743 1.1416070696729574 1.2185955591980213 1.3693509627290041
48 480 -0.5308405488801844 -0.13419302516619247 0.08290216242969459 0.5943325156113397 0.6461114214678024 0.7027473164338387 0.7427438001494283 0.822177662123082 0.927467990458905 1.0489852207396315 1.1122549237166743 1.1416070696729574 1.2185955591980213 1.3693509627290041
49 490 -0.5074126438954958 -0.14669996392480075 0.09215649616800715 0.5655483313733154 0.6461114214678024 0.7027473164338387 0.7427438001494283 0.822177662123082 0.927467990458905 1.0489852207396315 1.1122549237166743 1.1416070696729574 1.2185955591980213 1.3693509627290041
50 500 -0.5293880847123296 -0.15225439401326926 0.0988056217532184 0.5538401305321179 0.6461114214678024 0.7027473164338387 0.7427438001494283 0.822177662123082 0.927467990458905 1.0489852207396315 1.1122549237166743 1.1416070696729574 1.2185955591980213 1.3693509627290041
51 510 -0.5268405789000152 -0.14951001500424457 0.10790942583483581 0.5536415465114566 0.5883613078555631 0.6025253134293116 0.6882669686719315 0.7908524929631171 0.871527475632564 0.9663894614280427 0.9850092644422175 1.1472036345093082 1.4278463528396874 1.4741444172729334
52 520 -0.5051425434395131 -0.16103474996695488 0.10734093734457925 0.5362541729692564 0.5883613078555631 0.6025253134293116 0.6882669686719315 0.7908524929631171 0.871527475632564 0.9663894614280427 0.9850092644422175 1.1472036345093082 1.4278463528396874 1.4741444172729334
53 530 -0.5168131340128043 -0.16600889055866572 0.11766127229648321 0.5498599140309149 0.5883613078555631 0.6025253134293116 0.6882669686719315 0.7908524929631171 0.871527475632564 0.9663894614280427 0.9850092644422175 1.1472036345093082 1.4278463528396874 1.4741444172729334
54 540 -0.5131618572671809 -0.1797455186151378 0.12434294184177846 0.5333308889055028 0.5883613078555631 0.6025253134293116 0.6882669686719315 0.7908524929631171 0.871527475632564 0.9663894614280427 0.9850092644422175 1.1472036345093082 1.4278463528396874 1.4741444172729334
55 550 -0.5086439748776067 -0.18746167969907204 0.1448074278414942 0.5230801213540478 0.5883613078555631 0.6025253134293116 0.6882669686719315 0.7908524929631171 0.871527475632564 0.9663894614280427 0.9850092644422175 1.1472036345093082 1.4278463528396874 1.4741444172729334
56 560 -0.49880100674160843 -0.18821580362271326 0.1310802973631473 0.546555850000779 0.5883613078555631 0.6025253134293116 0.6882669686719315 0.7908524929631171 0.871527475632564 0.9663894614280427 0.9850092644422175 1.1472036345093082 1.4278463528396874 1.4741444172729334
57 570 -0.49064372797429984 -0.1904297024698376 0.1289734645263272 0.5328792125080605 0.5883613078555631 0.6025253134293116 0.6882669686719315 0.7908524929631171 0.871527475632564 0.9663894614280427 0.9850092644422175 1.1472036345093082 1.4278463528396874 1.4741444172729334
58 580 -0.48229909211040267 -0.18130853332923336 0.1031901593095446 0.5548111047609094 0.5883613078555631 0.6025253134293116 0.6882669686719315 0.7908524929631171 0.871527475632564 0.9663894614280427 0.9850092644422175 1.1472036345093082 1.4278463528396874 1.4741444172729334
59 590 -0.5037245925343782 -0.17988265551047608 0.10840836986112623 0.5579300194056521 0.5883613078555631 0.6025253134293116 0.6882669686719315 0.7908524929631171 0.871527475632564 0.9663894614280427 0.9850092644422175 1.1472036345093082 1.4278463528396874 1.4741444172729334
60 600 -0.47977175428161295 -0.18271479164729687 0.10119159068816108 0.5639386515289254 0.5883613078555631 0.6025253134293116 0.6882669686719315 0.7908524929631171 0.871527475632564 0.9663894614280427 0.9850092644422175 1.1472036345093082 1.4278463528396874 1.4741444172729334
61 610 -0.485220286968337 -0.16954228664974405 0.08566449135131342 0.5507195558449859 0.533600436770109 0.5997294145380333 0.6570719904136058 0.7342444705264612 0.844045963522709 0.8839069506878933 0.9686416531585781 1.2230712749626647 1.41711700852805 1.5648133953882233
62 620 -0.5061240037805823 -0.18605818109735173 0.0927897832414661 0.5797480618190058 0.533600436770109 0.5997294145380333 0.6570719904136058 0.7342444705264612 0.844045963522709 0.8839069506878933 0.9686416531585781 1.2230712749626647 1.41711700852805 1.5648133953882233
63 630 -0.501575105916409 -0.20036111173188104 0.09812275443312153 0.5788905635658469 0.533600436770109 0.5997294145380333 0.6570719904136058 0.7342444705264612 0.844045963522709 0.8839069506878933 0.9686416531585781 1.2230712749626647 1.41711700852805 1.5648133953882233
64 640 -0.5256794513861083 -0.19839910866629018 0.1146596081576977 0.5762358159970665 0.533600436770109 0.5997294145380333 0.6570719904136058 0.7342444705264612 0.844045963522709 0.8839069506878933 0.9686416531585781 1.2230712749626647 1.41711700852805 1.5648133953882233
65 650 -0.5212119058182043 -0.2330045387070315 0.13139360266649472 0.5818158124016735 0.533600436770109 0.5997294145380333 0.6570719904136058 0.7342444705264612 0.844045963522709 0.8839069506878933 0.9686416531585781 1.2230712749626647 1.41711700852805 1.5648133953882233
66 660 -0.539385269052116 -0.22381972499235486 0.13389009526789142 0.5799598472836387 0.533600436770109 0.5997294145380333 0.6570719904136058 0.7342444705264612 0.844045963522709 0.8839069506878933 0.9686416531585781 1.2230712749626647 1.41711700852805 1.5648133953882233
67 670 -0.5376514371581791 -0.22378018543789682 0.13738537461788056 0.569408884832079 0.533600436770109 0.5997294145380333 0.6570719904136058 0.7342444705264612 0.844045963522709 0.8839069506878933 0.9686416531585781 1.2230712749626647 1.41711700852805 1.5648133953882233
68 680 -0.5246438964653422 -0.21793723432543377 0.14067851145210059 0.5750945517471713 0.533600436770109 0.5997294145380333 0.6570719904136058 0.7342444705264612 0.844045963522709 0.8839069506878933 0.9686416531585781 1.2230712749626647 1.41711700852805 1.5648133953882233
69 690 -0.539998488226143 -0.22881053719562322 0.14603514527079894 0.575315816088823 0.533600436770109 0.5997294145380333 0.6570719904136058 0.7342444705264612 0.844045963522709 0.8839069506878933 0.9686416531585781 1.2230712749626647 1.41711700852805 1.5648133953882233
70 700 -0.5324755310933722 -0.19750042689153413 0.15624995512315282 0.5565428756013441 0.533600436770109 0.5997294145380333 0.6570719904136058 0.7342444705264612 0.844045963522709 0.8839069506878933 0.9686416531585781 1.2230712749626647 1.41711700852805 1.5648133953882233
71 710 -0.5039376965924937 -0.2047338821399333 0.1587496289091523 0.5605854703290357 0.5140067845664974 0.6152995900351667 0.6427247598962239 0.7306066248215111 0.8221148905634572 0.8682809816813191 0.9349465981793414 1.1595737668112935 1.3964102963002163 1.6768540033444992
72 720 -0.48477693996574917 -0.19268053955309392 0.1400212197374635 0.5257028377301286 0.5140067845664974 0.6152995900351667 0.6427247598962239 0.7306066248215111 0.8221148905634572 0.8682809816813191 0.9349465981793414 1.1595737668112935 1.3964102963002163 1.6768540033444992
73 730 -0.47289367400009297 -0.1924858573004941 0.12836173717968954 0.53123420998722 0.5140067845664974 0.6152995900351667 0.6427247598962239 0.7306066248215111 0.8221148905634572 0.8682809816813191 0.9349465981793414 1.1595737668112935 1.3964102963002163 1.6768540033444992
74 740 -0.46950141061900513 -0.18975512976223552 0.11181575893002653 0.5259702296812774 0.5140067845664974 0.6152995900351667 0.6427247598962239 0.7306066248215111 0.8221148905634572 0.8682809816813191 0.9349465981793414 1.1595737668112935 1.3964102963002163 1.6768540033444992
75 750 -0.45012519915582555 -0.19290130440179964 0.12539109461226233 0.5238628561379246 0.5140067845664974 0.6152995900351667 0.6427247598962239 0.7306066248215111 0.8221148905634572 0.8682809816813191 0.9349465981793414 1.1595737668112935 1.3964102963002163 1.6768540033444992
76 760 -0.43845389817898234 -0.1958186076684627 0.11574353299156798 0.5383946946070332 0.5140067845664974 0.6152995900351667 0.6427247598962239 0.7306066248215111 0.8221148905634572 0.8682809816813191 0.9349465981793414 1.1595737668112935 1.3964102963002163 1.6768540033444992
77 770 -0.4332897675494953 -0.21348620421796774 0.11062247461159061 0.519180313250607 0.5140067845664974 0.6152995900351667 0.6427247598962239 0.7306066248215111 0.8221148905634572 0.8682809816813191 0.9349465981793414 1.1595737668112935 1.3964102963002163 1.6768540033444992
78 780 -0.4459076916968279 -0.20434242886442128 0.1233667859302999 0.5261342439393595 0.5140067845664974 0.6152995900351667 0.6427247598962239 0.7306066248215111 0.8221148905634572 0.8682809816813191 0.9349465981793414 1.1595737668112935 1.3964102963002163 1.6768540033444992
79 790 -0.44339011581811494 -0.20908437907194838 0.1281752266621196 0.5311746273405297 0.5140067845664974 0.6152995900351667 0.6427247598962239 0.7306066248215111 0.8221148905634572 0.8682809816813191 0.9349465981793414 1.1595737668112935 1.3964102963002163 1.6768540033444992
80 800 -0.4705922397756548 -0.2034325839029234 0.13616032241245732 0.5203851884997666 0.5140067845664974 0.6152995900351667 0.6427247598962239 0.7306066248215111 0.8221148905634572 0.8682809816813191 0.9349465981793414 1.1595737668112935 1.3964102963002163 1.6768540033444992
81 810 -0.48954026027621456 -0.21862199040407598 0.137226054554283 0.5270705438393888 0.49274419711335726 0.5398821842505984 0.6429679235053806 0.696071389556052 0.8387280797189685 0.8493907260163823 1.0683251418208333 1.1431201955263344 1.3963739564530016 1.6567966802978633
82 820 -0.46676062549963004 -0.26237581181842634 0.15543522047426533 0.5726864575852606 0.49274419711335726 0.5398821842505984 0.6429679235053806 0.696071389556052 0.8387280797189685 0.8493907260163823 1.0683251418208333 1.1431201955263344 1.3963739564530016 1.6567966802978633
83 830 -0.4780133588710235 -0.23283455798686134 0.1406775728126749 0.5710080868945684 0.49274419711335726 0.5398821842505984 0.6429679235053806 0.696071389556052 0.8387280797189685 0.8493907260163823 1.0683251418208333 1.1431201955263344 1.3963739564530016 1.6567966802978633
84 840 -0.5090868553639238 -0.23681325104667966 0.11483637279083443 0.5564039456445972 0.49274419711335726 0.5398821842505984 0.6429679235053806 0.696071389556052 0.8387280797189685 0.8493907260163823 1.0683251418208333 1.1431201955263344 1.3963739564530016 1.6567966802978633
85 850 -0.508239456302032 -0.2201695223069894 0.08596018670716066 0.5343782668676178 0.49274419711335726 0.5398821842505984 0.6429679235053806 0.696071389556052 0.8387280797189685 0.8493907260163823 1.0683251418208333 1.1431201955263344 1.3963739564530016 1.6567966802978633
86 860 -0.5177734577493637 -0.22027721844925252 0.11526523926231491 0.4783585782773555 0.49274419711335726 0.5398821842505984 0.6429679235053806 0.696071389556052 0.8387280797189685 0.8493907260163823 1.0683251418208333 1.1431201955263344 1.3963739564530016 1.6567966802978633
87 870 -0.5153363259109238 -0.21232532829138132 0.09576129440302392 0.4667762812709219 0.49274419711335726 0.5398821842505984 0.6429679235053806 0.696071389556052 0.8387280797189685 0.8493907260163823 1.0683251418208333 1.1431201955263344 1.3963739564530016 1.6567966802978633
88 880 -0.524623668181361 -0.2146893784746477 0.10562521834320909 0.47752138418185225 0.49274419711335726 0.5398821842505984 0.6429679235053806 0.696071389556052 0.8387280797189685 0.8493907260163823 1.0683251418208333 1.1431201955263344 1.3963739564530016 1.6567966802978633
89 890 -0.5098236216728183 -0.21465916741852784 0.11744651423713193 0.4756469078744102 0.49274419711335726 0.5398821842505984 0.6429679235053806 0.696071389556052 0.8387280797189685 0.8493907260163823 1.0683251418208333 1.1431201955263344 1.3963739564530016 1.6567966802978633
90 900 -0.5633609612754977 -0.21039964635986752 0.10794221551300374 0.5023338538373375 0.49274419711335726 0.5398821842505984 0.6429679235053806 0.696071389556052 0.8387280797189685 0.8493907260163823 1.0683251418208333 1.1431201955263344 1.3963739564530016 1.6567966802978633
91 910 -0.5749690786110502 -0.21221900871332564 0.1041602737364287 0.5267279834445252 0.4155719844451772 0.5219019784396356 0.6093834135369873 0.6745690181875248 0.8282859936681066 0.9004963601972924 0.9529910343435891 1.1487395914366914 1.4916603837111984 1.6669523396937438
92 920 -0.5687718640301718 -0.21716934714858666 0.09417236102600238 0.5122908077668339 0.4155719844451772 0.5219019784396356 0.6093834135369873 0.6745690181875248 0.8282859936681066 0.9004963601972924 0.9529910343435891 1.1487395914366914 1.4916603837111984 1.6669523396937438
93 930 -0.5574394268466235 -0.20751498243801442 0.11793077545699468 0.5142032079987221 0.4155719844451772 0.5219019784396356 0.6093834135369873 0.6745690181875248 0.8282859936681066 0.9004963601972924 0.9529910343435891 1.1487395914366914 1.4916603837111984 1.6669523396937438
94 940 -0.5650721762947747 -0.18214442329685104 0.12178759576054146 0.5280865150515157 0.4155719844451772 0.5219019784396356 0.6093834135369873 0.6745690181875248 0.8282859936681066 0.9004963601972924 0.9529910343435891 1.1487395914366914 1.4916603837111984 1.6669523396937438
95 950 -0.581970350041473 -0.20329698307761834 0.10847784770927192 0.5608266094637157 0.4155719844451772 0.5219019784396356 0.6093834135369873 0.6745690181875248 0.8282859936681066 0.9004963601972924 0.9529910343435891 1.1487395914366914 1.4916603837111984 1.6669523396937438
96 960 -0.5934219333946816 -0.2093305502010643 0.09012288317006056 0.5654609923521715 0.4155719844451772 0.5219019784396356 0.6093834135369873 0.6745690181875248 0.8282859936681066 0.9004963601972924 0.9529910343435891 1.1487395914366914 1.4916603837111984 1.6669523396937438
97 970 -0.6154383984591765 -0.20798079083678966 0.09927432948115303 0.5858105086567703 0.4155719844451772 0.5219019784396356 0.6093834135369873 0.6745690181875248 0.8282859936681066 0.9004963601972924 0.9529910343435891 1.1487395914366914 1.4916603837111984 1.6669523396937438
98 980 -0.6159815977918209 -0.21313954916797814 0.1171050702677385 0.5758399621085705 0.4155719844451772 0.5219019784396356 0.6093834135369873 0.6745690181875248 0.8282859936681066 0.9004963601972924 0.9529910343435891 1.1487395914366914 1.4916603837111984 1.6669523396937438
99 990 -0.6106484986928564 -0.241907274450598 0.12198197758680576 0.5706114611478705 0.4155719844451772 0.5219019784396356 0.6093834135369873 0.6745690181875248 0.8282859936681066 0.9004963601972924 0.9529910343435891 1.1487395914366914 1.4916603837111984 1.6669523396937438
100 1000 -0.6114191060427091 -0.2034803206325017 0.12838681395570067 0.5674012390049634 0.4155719844451772 0.5219019784396356 0.6093834135369873 0.6745690181875248 0.8282859936681066 0.9004963601972924 0.9529910343435891 1.1487395914366914 1.4916603837111984 1.6669523396937438
101 1010 -0.6360807226011974 -0.22642191968308384 0.127579042505084 0.5522180389106549 0.40572396975874647 0.48168603679851363 0.5990567540255995 0.6404873412476351 0.7680598045293999 0.8606027904540187 0.9546491313042108 1.1988792747960704 1.5057567465304635 1.6993383147701833
102 1020 -0.6251280524395301 -0.24722216551162807 0.11614748602070082 0.5374699981393858 0.40572396975874647 0.48168603679851363 0.5990567540255995 0.6404873412476351 0.7680598045293999 0.8606027904540187 0.9546491313042108 1.1988792747960704 1.5057567465304635 1.6993383147701833
103 1030 -0.6360413363983074 -0.24235991311246508 0.11445285784723805 0.5455216647849683 0.40572396975874647 0.48168603679851363 0.5990567540255995 0.6404873412476351 0.7680598045293999 0.8606027904540187 0.9546491313042108 1.1988792747960704 1.5057567465304635 1.6993383147701833
104 1040 -0.6398990125009529 -0.2632932809185085 0.13199065825586823 0.5582447806998586 0.40572396975874647 0.48168603679851363 0.5990567540255995 0.6404873412476351 0.7680598045293999 0.8606027904540187 0.9546491313042108 1.1988792747960704 1.5057567465304635 1.6993383147701833
105 1050 -0.6452469656085682 -0.27540028847640796 0.13641315505009163 0.5447301143491662 0.40572396975874647 0.48168603679851363 0.5990567540255995 0.6404873412476351 0.7680598045293999 0.8606027904540187 0.9546491313042108 1.1988792747960704 1.5057567465304635 1.6993383147701833
106 1060 -0.6184069738810323 -0.24365633764156822 0.15593678477948397 0.5403958587344521 0.40572396975874647 0.48168603679851363 0.5990567540255995 0.6404873412476351 0.7680598045293999 0.8606027904540187 0.9546491313042108 1.1988792747960704 1.5057567465304635 1.6993383147701833
107 1070 -0.5987885396496969 -0.2518840623863722 0.15981182203183103 0.5677522124532509 0.40572396975874647 0.48168603679851363 0.5990567540255995 0.6404873412476351 0.7680598045293999 0.8606027904540187 0.9546491313042108 1.1988792747960704 1.5057567465304635 1.6993383147701833
108 1080 -0.5870288819909314 -0.2500918698943042 0.14938241440238686 0.5867961682890306 0.40572396975874647 0.48168603679851363 0.5990567540255995 0.6404873412476351 0.7680598045293999 0.8606027904540187 0.9546491313042108 1.1988792747960704 1.5057567465304635 1.6993383147701833
109 1090 -0.5926430760432917 -0.23027325179568633 0.13849176584748665 0.5815861005912881 0.40572396975874647 0.48168603679851363 0.5990567540255995 0.6404873412476351 0.7680598045293999 0.8606027904540187 0.9546491313042108 1.1988792747960704 1.5057567465304635 1.6993383147701833
110 1100 -0.5828642514982123 -0.22602880650540802 0.14231515477026183 0.5765624500365603 0.40572396975874647 0.48168603679851363 0.5990567540255995 0.6404873412476351 0.7680598045293999 0.8606027904540187 0.9546491313042108 1.1988792747960704 1.5057567465304635 1.6993383147701833
111 1110 -0.5805147974184344 -0.20672414591425656 0.12941045680108265 0.5782785290634268 0.4023736360917945 0.4813716431664659 0.6199481345694374 0.7001443907291611 0.7709873715728623 0.8931228982176354 0.9980965933470642 1.148824557783526 1.4608669174569724 1.6998888426966583
112 1120 -0.5838330229535977 -0.21703508619889467 0.15000578841424111 0.574372899166311 0.4023736360917945 0.4813716431664659 0.6199481345694374 0.7001443907291611 0.7709873715728623 0.8931228982176354 0.9980965933470642 1.148824557783526 1.4608669174569724 1.6998888426966583
113 1130 -0.5726310996121181 -0.21580432820180667 0.1691950741671687 0.5840203601664375 0.4023736360917945 0.4813716431664659 0.6199481345694374 0.7001443907291611 0.7709873715728623 0.8931228982176354 0.9980965933470642 1.148824557783526 1.4608669174569724 1.6998888426966583
114 1140 -0.5611168203135973 -0.19960004073890963 0.16100491386531557 0.5895713607174854 0.4023736360917945 0.4813716431664659 0.6199481345694374 0.7001443907291611 0.7709873715728623 0.8931228982176354 0.9980965933470642 1.148824557783526 1.4608669174569724 1.6998888426966583
115 1150 -0.5686298065536528 -0.2054174868374504 0.14489973314331472 0.5912988688825642 0.4023736360917945 0.4813716431664659 0.6199481345694374 0.7001443907291611 0.7709873715728623 0.8931228982176354 0.9980965933470642 1.148824557783526 1.4608669174569724 1.6998888426966583
116 1160 -0.5377604815015176 -0.18245149160499052 0.15441541568219008 0.5860182019328 0.4023736360917945 0.4813716431664659 0.6199481345694374 0.7001443907291611 0.7709873715728623 0.8931228982176354 0.9980965933470642 1.148824557783526 1.4608669174569724 1.6998888426966583
117 1170 -0.5179240423822644 -0.1507112762508473 0.1631927013536603 0.5912617923942343 0.4023736360917945 0.4813716431664659 0.6199481345694374 0.7001443907291611 0.7709873715728623 0.8931228982176354 0.9980965933470642 1.148824557783526 1.4608669174569724 1.6998888426966583
118 1180 -0.5294392479568911 -0.1853723457428288 0.17392431115301288 0.5794848690392216 0.4023736360917945 0.4813716431664659 0.6199481345694374 0.7001443907291611 0.7709873715728623 0.8931228982176354 0.9980965933470642 1.148824557783526 1.4608669174569724 1.6998888426966583
119 1190 -0.5260150251237485 -0.17881367975327195 0.1633324406903951 0.5898295338356492 0.4023736360917945 0.4813716431664659 0.6199481345694374 0.7001443907291611 0.7709873715728623 0.8931228982176354 0.9980965933470642 1.148824557783526 1.4608669174569724 1.6998888426966583
120 1200 -0.5376474020423134 -0.1703415048236626 0.16971432238163328 0.5789924753242891 0.4023736360917945 0.4813716431664659 0.6199481345694374 0.7001443907291611 0.7709873715728623 0.8931228982176354 0.9980965933470642 1.148824557783526 1.4608669174569724 1.6998888426966583
121 1210 -0.5377946266345975 -0.15584397829105606 0.1813839826528869 0.5916119529249595 0.39636066517259533 0.4637913775519066 0.6314716143071761 0.6747431806551434 0.7621117789903058 0.8656576166207492 1.023445076773776 1.2328383970952002 1.4560880443667654 1.6601387945994917
122 1220 -0.5307502571432567 -0.170839602062701 0.17054586402868327 0.5869586095347229 0.39636066517259533 0.4637913775519066 0.6314716143071761 0.6747431806551434 0.7621117789903058 0.8656576166207492 1.023445076773776 1.2328383970952002 1.4560880443667654 1.6601387945994917
123 1230 -0.531983861836362 -0.16803926099962585 0.1408597551572409 0.6042482873824254 0.39636066517259533 0.4637913775519066 0.6314716143071761 0.6747431806551434 0.7621117789903058 0.8656576166207492 1.023445076773776 1.2328383970952002 1.4560880443667654 1.6601387945994917
124 1240 -0.5492396420425898 -0.18561305335988468 0.1215707500209515 0.586487709801887 0.39636066517259533 0.4637913775519066 0.6314716143071761 0.6747431806551434 0.7621117789903058 0.8656576166207492 1.023445076773776 1.2328383970952002 1.4560880443667654 1.6601387945994917
125 1250 -0.5417195435839286 -0.18251712971199324 0.12874397046965247 0.6017755802825754 0.39636066517259533 0.4637913775519066 0.6314716143071761 0.6747431806551434 0.7621117789903058 0.8656576166207492 1.023445076773776 1.2328383970952002 1.4560880443667654 1.6601387945994917
126 1260 -0.5375975302036764 -0.17013300908883883 0.1217287564275014 0.5977989809974854 0.39636066517259533 0.4637913775519066 0.6314716143071761 0.6747431806551434 0.7621117789903058 0.8656576166207492 1.023445076773776 1.2328383970952002 1.4560880443667654 1.6601387945994917
127 1270 -0.5649251338301389 -0.13952835730046134 0.11734473966859268 0.5912545876345874 0.39636066517259533 0.4637913775519066 0.6314716143071761 0.6747431806551434 0.7621117789903058 0.8656576166207492 1.023445076773776 1.2328383970952002 1.4560880443667654 1.6601387945994917
128 1280 -0.551985476161773 -0.11723179088201022 0.13754500710385248 0.6117948480261745 0.39636066517259533 0.4637913775519066 0.6314716143071761 0.6747431806551434 0.7621117789903058 0.8656576166207492 1.023445076773776 1.2328383970952002 1.4560880443667654 1.6601387945994917
129 1290 -0.5329285763000386 -0.13105099534347536 0.16244878229543777 0.6016858284930784 0.39636066517259533 0.4637913775519066 0.6314716143071761 0.6747431806551434 0.7621117789903058 0.8656576166207492 1.023445076773776 1.2328383970952002 1.4560880443667654 1.6601387945994917
130 1300 -0.537544300064414 -0.15092696905106334 0.14854550204728598 0.6139774348794313 0.39636066517259533 0.4637913775519066 0.6314716143071761 0.6747431806551434 0.7621117789903058 0.8656576166207492 1.023445076773776 1.2328383970952002 1.4560880443667654 1.6601387945994917
131 1310 -0.5427891017747923 -0.15253884321896777 0.1790273008160094 0.6283497080842991 0.40435109140031494 0.4901607676754915 0.5906887877537151 0.6263300775194162 0.7684038994250413 0.8675802273966897 1.094206897886487 1.2403673638319301 1.4152864624071413 1.6652520229069698
132 1320 -0.531063247769751 -0.15526798520372348 0.17849174062710102 0.6189135012404668 0.40435109140031494 0.4901607676754915 0.5906887877537151 0.6263300775194162 0.7684038994250413 0.8675802273966897 1.094206897886487 1.2403673638319301 1.4152864624071413 1.6652520229069698
133 1330 -0.5480206117669033 -0.12001280533782793 0.15889671562916807 0.6136187539891577 0.40435109140031494 0.4901607676754915 0.5906887877537151 0.6263300775194162 0.7684038994250413 0.8675802273966897 1.094206897886487 1.2403673638319301 1.4152864624071413 1.6652520229069698
134 1340 -0.5548302758154299 -0.11696503245225415 0.14407590599061015 0.5842344206769418 0.40435109140031494 0.4901607676754915 0.5906887877537151 0.6263300775194162 0.7684038994250413 0.8675802273966897 1.094206897886487 1.2403673638319301 1.4152864624071413 1.6652520229069698
135 1350 -0.5756586322187363 -0.10931470048360153 0.13665507049350517 0.5800453212634619 0.40435109140031494 0.4901607676754915 0.5906887877537151 0.6263300775194162 0.7684038994250413 0.8675802273966897 1.094206897886487 1.2403673638319301 1.4152864624071413 1.6652520229069698
136 1360 -0.5515274490167631 -0.11148358567645449 0.16122262568435072 0.5564657688511729 0.40435109140031494 0.4901607676754915 0.5906887877537151 0.6263300775194162 0.7684038994250413 0.8675802273966897 1.094206897886487 1.2403673638319301 1.4152864624071413 1.6652520229069698
137 1370 -0.5420219104925544 -0.07993115079899206 0.16824922941124906 0.546564126441473 0.40435109140031494 0.4901607676754915 0.5906887877537151 0.6263300775194162 0.7684038994250413 0.8675802273966897 1.094206897886487 1.2403673638319301 1.4152864624071413 1.6652520229069698
138 1380 -0.5384679547496402 -0.08320611335274747 0.1419161987344181 0.5091085390412909 0.40435109140031494 0.4901607676754915 0.5906887877537151 0.6263300775194162 0.7684038994250413 0.8675802273966897 1.094206897886487 1.2403673638319301 1.4152864624071413 1.6652520229069698
139 1390 -0.534236314041129 -0.08438826847222136 0.13854606489221089 0.5071693917246535 0.40435109140031494 0.4901607676754915 0.5906887877537151 0.6263300775194162 0.7684038994250413 0.8675802273966897 1.094206897886487 1.2403673638319301 1.4152864624071413 1.6652520229069698
140 1400 -0.5419948375947269 -0.06365962411620507 0.15394843971442182 0.519889396128022 0.40435109140031494 0.4901607676754915 0.5906887877537151 0.6263300775194162 0.7684038994250413 0.8675802273966897 1.094206897886487 1.2403673638319301 1.4152864624071413 1.6652520229069698
141 1410 -0.5565479792760364 -0.06005801409571049 0.1508017430233547 0.5068199968033854 0.42612799950720553 0.49547074901027915 0.5567015944005028 0.7353753077378832 0.7720221419610475 0.9855053535030924 1.0441829774167934 1.2407381447583445 1.4861316739058912 1.5220560372862248
142 1420 -0.5612047626732782 -0.06179225592320564 0.1745164515243662 0.5286437250644556 0.42612799950720553 0.49547074901027915 0.5567015944005028 0.7353753077378832 0.7720221419610475 0.9855053535030924 1.0441829774167934 1.2407381447583445 1.4861316739058912 1.5220560372862248
143 1430 -0.547380275920483 -0.05102018311737786 0.16200874872218315 0.5411866590666793 0.42612799950720553 0.49547074901027915 0.5567015944005028 0.7353753077378832 0.7720221419610475 0.9855053535030924 1.0441829774167934 1.2407381447583445 1.4861316739058912 1.5220560372862248
144 1440 -0.5703095544457789 -0.08214254728125144 0.14943636721256587 0.5667702826328959 0.42612799950720553 0.49547074901027915 0.5567015944005028 0.7353753077378832 0.7720221419610475 0.9855053535030924 1.0441829774167934 1.2407381447583445 1.4861316739058912 1.5220560372862248
145 1450 -0.5770895854402615 -0.09040562889952256 0.16105984790706254 0.5718305009846295 0.42612799950720553 0.49547074901027915 0.5567015944005028 0.7353753077378832 0.7720221419610475 0.9855053535030924 1.0441829774167934 1.2407381447583445 1.4861316739058912 1.5220560372862248
146 1460 -0.5622034844541693 -0.11537921779442932 0.1818035894951447 0.5645228704917777 0.42612799950720553 0.49547074901027915 0.5567015944005028 0.7353753077378832 0.7720221419610475 0.9855053535030924 1.0441829774167934 1.2407381447583445 1.4861316739058912 1.5220560372862248
147 1470 -0.5657290010911535 -0.1208188417398652 0.16840084012620088 0.5798496818150332 0.42612799950720553 0.49547074901027915 0.5567015944005028 0.7353753077378832 0.7720221419610475 0.9855053535030924 1.0441829774167934 1.2407381447583445 1.4861316739058912 1.5220560372862248
148 1480 -0.5789973591354065 -0.1306323277334017 0.1714660955238898 0.5902733746732982 0.42612799950720553 0.49547074901027915 0.5567015944005028 0.7353753077378832 0.7720221419610475 0.9855053535030924 1.0441829774167934 1.2407381447583445 1.4861316739058912 1.5220560372862248
149 1490 -0.5803989142054032 -0.1447734254568265 0.15028761391069279 0.5763622556717889 0.42612799950720553 0.49547074901027915 0.5567015944005028 0.7353753077378832 0.7720221419610475 0.9855053535030924 1.0441829774167934 1.2407381447583445 1.4861316739058912 1.5220560372862248
150 1500 -0.5875037754907916 -0.1157869409678329 0.14961195841818173 0.6090785447282577 0.42612799950720553 0.49547074901027915 0.5567015944005028 0.7353753077378832 0.7720221419610475 0.9855053535030924 1.0441829774167934 1.2407381447583445 1.4861316739058912 1.5220560372862248
150 1500 -0.5875037754907916 -0.1157869409678329 0.14961195841818173 0.6090785447282577 0.42612799950720553 0.49547074901027915 0.5567015944005028 0.7353753077378832 0.7720221419610475 0.9855053535030924 1.0441829774167934 1.2407381447583445 1.4861316739058912 1.5220560372862248
