% # columns="iteration, evaluation, void, void, void, xmean", seed=738630, Sun Jun 28 18:39:08 2026, <python>{}</python> # scaling_of_variables: 1, typical_x: 0
1 10 0 0 0 86.0575144265778 77.11411128466494 46.49763693414248 26.496493657667603 1.341743411814768 30.812168337028137 4.0563367428268275 4.023892948974451 4.145177399348221 4.4169689628249245
2 20 0 0 0 90.00627937279958 79.15929318680575 53.63899015621519 31.79911401340519 -8.16564019935721 31.83357008265631 3.428265974990733 6.699719584926288 4.930846267051913 4.64402649305422
3 30 0 0 0 85.47465511091926 82.98568870841908 48.993379130307176 31.63407906210556 1.2068949514222056 31.967771202730543 3.55022630724047 9.320730823258334 5.684519937507214 5.712933949773119
4 40 0 0 0 85.55343958892288 80.72892009728778 48.638442395712396 48.16167622238672 3.0967203569745645 26.873664489042955 2.5956067825701794 10.911802101472068 4.967407815082158 5.029832113820002
5 50 0 0 0 97.10777923337159 78.2369859906796 45.75521099498725 42.219656731471645 2.3055486465728197 31.17324509690201 5.3291436326145885 10.150260951765286 3.3224863533644085 2.902144072851474
6 60 0 0 0 97.06465336684789 76.5162968015584 45.5099815615466 39.0136078957407 1.027125941808071 33.40539084011034 7.54807337987282 12.042120790056634 4.092068551690131 5.666892054148869
7 70 0 0 0 82.46025761565708 74.25144670668855 37.14696484228656 32.43706431845508 2.2892332074808492 35.44913923402679 8.25473109369279 13.808526216560868 3.4779094856970088 3.2378097745137517
8 80 0 0 0 79.99192469915118 74.55498403067885 38.75903455878262 30.368181534583897 2.5124267419464625 36.15711598461372 3.980401495251275 13.62779642985895 4.415343283056175 2.1857740939045134
9 90 0 0 0 85.91269334976926 77.11132000634079 48.13679836375426 31.89240691766227 -0.7878572844711736 35.003965601176134 2.738021454527548 11.780313569335501 3.7679591910151475 3.8003071912623554
10 100 0 0 0 81.44631322811597 75.18713930881182 35.00324916894147 22.304516086047283 -3.057186934145414 36.91495881259461 2.372310511195844 12.431996366127285 3.7155331620845606 3.5355614846915486
11 110 0 0 0 78.2338172978618 73.23604884685318 27.570325261775142 13.74888057218286 4.8090885811036355 41.637175021591595 3.1513412518126582 10.680354146897074 2.2412928566032826 3.158796616673577
12 120 0 0 0 76.70291165395722 72.95768961550883 33.545858347846725 20.080246971419527 -0.43738708195764503 42.57007105254284 3.5659175394737663 12.596847112843353 4.32848618753925 4.696096882802637
13 130 0 0 0 73.04937456927269 71.32124600272003 22.287684806223876 20.83505751743835 5.034188652857242 43.12674683940964 4.670935688330133 11.961715118479022 3.2248890204236638 4.143790822541256
14 140 0 0 0 71.94496137161215 68.93483956486332 25.067429763970118 18.363922666288516 8.394865025031457 44.47612884805286 4.747168329388255 10.941853529089716 2.3233033404869947 3.5515474631584576
15 150 0 0 0 73.95028247929436 65.34243412211318 25.242024666197825 21.27799474047366 7.419977086227104 41.5650438146633 7.345889108306236 11.758728468454889 1.9876154069671783 3.841600806159377
16 160 0 0 0 75.05568167161609 67.32624851353049 25.77651453033377 19.55287911705824 10.089390237170045 38.13670164181454 8.735689138038342 10.828266585492427 2.1410629245935504 3.208127352498281
17 170 0 0 0 71.96929496176261 63.848149448915976 29.939632557907302 23.499513254852577 6.098440823037136 44.57276449742958 8.2780204507461 10.464338430245807 3.032268612661138 1.7822477024757084
18 180 0 0 0 74.3139087776721 63.13197915108865 32.473516131326484 23.38828238571419 7.55721684375086 35.405959828552014 9.382367959863409 11.36543936450666 4.740722551841944 2.3900516513935193
19 190 0 0 0 75.73227101685335 65.57526376104111 31.481349914556915 24.422668638064096 9.003256261992313 39.903745678195605 9.689911047372343 11.027724144483852 3.821865891811132 3.5637476431092656
20 200 0 0 0 78.19150343460988 65.16329284563304 29.80147599434571 21.441100950213805 3.125445853311027 40.918550551591515 7.303815844452271 12.10549231147586 4.461310985896202 3.5824038447043423
21 210 0 0 0 76.81878428775185 63.35771350394358 27.638402183592074 18.099089486843084 4.114009759156599 40.77980022738258 6.904508691689925 13.745577602465259 4.618122271080594 3.8821245642039863
22 220 0 0 0 75.00437507616593 60.87278261092261 25.275086241988703 15.388261905370259 1.8704117603892476 41.87631779130913 6.821727012370123 14.925136914002302 4.2733100533061545 4.412750148439193
23 230 0 0 0 74.69000164874332 60.46877768348452 24.708676128679027 17.96816279545297 0.12755309329504974 43.16083671347544 7.353589905074555 15.171479211412395 3.830060435522893 2.5801098719461555
24 240 0 0 0 77.57225122849569 60.40660761648989 24.7325056834633 19.31144320392072 0.3132231618407098 39.51343586827874 8.622085403612683 14.820378632827952 3.7135088775225453 2.332184307195262
25 250 0 0 0 77.48808204662573 60.754449915677284 27.78563902451667 16.73116886054731 -0.26198771735210963 35.85501142435868 9.347213422886092 15.361639963542249 3.911324003837161 1.5894863401334496
26 260 0 0 0 75.95680764053044 59.548486560009316 28.629623138734406 19.02988542697239 2.3676918089780177 33.931559126910436 9.711470863436483 14.778086952940672 5.025982254602825 1.6659731317533981
27 270 0 0 0 77.64992519000212 57.51737904313347 32.319319540583244 21.813335604435643 2.8269908721525194 34.74693017527634 9.412375838832101 15.418620831862642 5.5627983045713085 2.4269567577419107
28 280 0 0 0 72.76146149402935 55.62066607763788 33.79509407088304 24.47718691648668 4.901175098651845 37.12676145808954 10.053370244911966 15.476277055736213 5.449816272925771 1.3513220028344806
29 290 0 0 0 74.70042522601156 59.07477956964675 31.750077928190446 23.056019013706628 6.681576318305413 36.03092793528621 10.147613500739343 14.552913927703475 4.859996210375366 2.0299080442593094
30 300 0 0 0 76.23271974226613 62.27524285413557 30.429463300483828 26.138066724920645 4.924327942793599 34.313185077075126 10.924963200545607 14.604097826735 4.288989466093591 2.6959754886672482
31 310 0 0 0 76.084950744741 60.3450785277507 30.325352849534752 23.290590227692167 6.118028031522293 36.19096722014451 10.661277796792584 15.664131351303105 4.2351506111747925 2.5936549425654154
32 320 0 0 0 75.49387090315969 60.58061667412157 27.633321236142717 22.797937255585367 6.865189983911338 35.41311668916516 10.541130507429584 15.788225230328834 3.9066056945524714 3.140583139589631
33 330 0 0 0 77.01297085160985 59.1800322674037 28.70263440893979 26.275771430634347 6.179286483901842 35.135046668343854 9.785848455015724 15.57775621641155 3.454823913168177 3.7504069545673464
34 340 0 0 0 77.62910356734403 58.81606653151561 26.613120271190326 24.653986821811564 10.297803467697635 31.28242530812257 10.156653844367938 14.664719371732495 3.461837488598316 2.986179253248421
35 350 0 0 0 78.39696940366669 57.058055116137986 29.04620810481048 23.626981571593955 9.59566821676921 32.538583303991246 9.924920744423366 15.576031146208193 3.407153100900693 3.0267658280876515
36 360 0 0 0 77.06272984586327 55.55601069976866 31.194804048253722 25.315010208926974 9.80666445763661 35.255786669369556 8.082818005578021 15.784158108242686 3.699935093960379 3.8112748419035554
37 370 0 0 0 80.47737205204683 55.06206075475601 34.374906745569035 30.314602630575166 7.593113661606354 33.564102205921 8.113058725023965 15.900675662881255 3.85116656180585 3.33264353016081
38 380 0 0 0 80.24877469582829 53.59914819419547 32.165894677006186 27.965718902856903 8.235879390477752 31.363920617209217 7.8625359936704555 16.0305846603698 4.408109871295232 2.764768906021941
39 390 0 0 0 79.09227572360504 55.77337107884068 29.23750816397557 27.44387553554998 7.570942465198137 33.43831841531896 8.691697280162412 15.975637360306607 4.308155936718189 2.9059700131605006
40 400 0 0 0 79.18199878259072 56.22256971642422 28.106916665896804 26.69598070432041 6.493429026469208 32.28557979174782 8.962700519681338 15.316875871407218 4.734985479584523 2.7741780921099424
41 410 0 0 0 82.09264305460897 54.90638185617541 27.518498083810474 25.032665643292603 6.743800331935892 29.94448203592729 8.984625844153284 16.0116097820125 5.102441610556623 2.577817944166649
42 420 0 0 0 82.59364874864606 54.67204485763835 26.38402552252335 24.432513525572812 6.677994696068152 25.914808636581125 9.369040874464009 16.273348127289246 5.392545829939392 2.902065368643899
43 430 0 0 0 83.53176919564497 55.801305065751414 25.11708183158842 23.767139695069353 8.579427274277547 27.407605226876704 9.766145801718865 16.010005197212994 4.898974568226841 3.8844071000651184
44 440 0 0 0 84.5156322714543 56.421613451888504 26.928686951469643 24.154355970498965 10.300056420769385 24.636928234195345 9.142296312555827 15.9127441166692 5.269302879159673 4.283343637861937
45 450 0 0 0 85.68186940535638 53.3551398045761 27.606723715801518 25.36453283821618 9.572701470846692 24.739094928246992 8.223776372970395 16.138739123966964 5.407859535753421 4.0294023738692974
46 460 0 0 0 86.0255450407266 51.352538682221144 24.471847868063406 23.917986646972135 10.23444527604237 22.62749993884914 9.063770311855448 15.867948787811185 5.406727486788585 5.213606190756612
47 470 0 0 0 86.86398062088416 53.04450517927215 21.13519764829793 20.787044040053097 11.925440603780727 21.530992948678996 7.853530732498542 15.741987935885291 5.38360748678307 6.078979316585542
48 480 0 0 0 88.16165459707685 48.037272454604455 25.00774997634621 24.283090727686673 7.883516544424942 22.406069199001365 6.912437411619714 15.705811052582142 5.572387454366567 6.311262162771052
49 490 0 0 0 87.52097109644663 51.17299566256307 26.454197997637298 20.859341140453125 5.468310871646843 28.26053846608313 6.110551000971499 16.136822950704822 5.897514338302324 6.230845227325256
50 500 0 0 0 91.15788515736224 48.80033328804223 23.773435009247876 21.02058272586377 7.410867337740299 23.040707728007735 6.646803527318296 14.92401306209371 6.254277376321465 6.764174432266381
51 510 0 0 0 92.0041504487404 49.788034719737716 21.61781224957573 22.171488577375303 8.073401895204379 22.725202708461513 5.912225345540276 15.238740859842055 6.276211790726476 5.885052207712582
52 520 0 0 0 91.9568243930329 50.371713625005945 27.98479479606571 22.685813316941644 4.436519451178945 27.03878915582264 5.531767005701594 15.741306694737872 6.300645496633588 4.880391349718114
53 530 0 0 0 93.59372367553071 50.088566845011286 28.8594997275134 24.634112482951124 7.936551736483314 21.141958100416385 6.53741823952015 15.953541868037984 6.126881458608713 5.905544811964667
54 540 0 0 0 94.35395982888267 48.01917066483542 28.100450265763225 24.407579364181498 10.77510732203052 20.197937783154025 6.655821468316466 16.09175925771479 6.048718312397719 6.932902187149388
55 550 0 0 0 96.37380963700554 49.04292164291715 28.05435245102882 22.993866910561284 10.018770777076778 19.39260602148583 6.866776562435837 15.932275715077335 5.6268736934729375 5.890202797350829
56 560 0 0 0 95.20652925161413 48.47334580117156 27.908642839443825 22.911864748681015 11.387967845821386 18.8971031624657 7.089459190029027 15.812766595882056 5.42660129122394 6.784227976870927
57 570 0 0 0 95.19503131272447 46.54074091715408 27.472016048319418 25.311463193781137 11.532387588557519 19.65424954487279 6.770754256224945 15.793201130811001 5.534462449787577 6.0330063256337745
58 580 0 0 0 95.20859417749158 44.996840274827704 25.84668192369837 24.243358092212606 9.917131372596133 21.45020450413215 4.971657419444579 15.7797287510471 6.054266528212243 6.146810326114893
59 590 0 0 0 97.54772999024844 43.69913683757913 24.58242328230407 23.55562081136968 9.06625386884117 18.863779513852595 4.804112755194999 15.91337346864897 6.396182104912228 6.67938159782376
60 600 0 0 0 97.62283685248563 39.72777102559407 25.411546813607096 23.953121166642102 8.365765591494723 20.052296891265996 3.087495544637987 16.039090644084318 6.956102504005375 6.5279037507689734
61 610 0 0 0 96.00981898498294 39.01790515282508 25.47795159369887 23.49486336644823 8.524821886553132 20.562006670635743 2.0117859587426197 15.963960942856353 7.125657021744688 7.377011827882195
62 620 0 0 0 96.52757993661152 38.778626881688666 25.399410476303512 21.6828413062342 6.7332474945777845 22.963403934180025 1.649831851450857 16.180104709780736 7.364055579576982 7.0169066907197575
63 630 0 0 0 96.53491030459358 39.755734363859034 27.370335606232967 22.52007443306427 8.727372430252004 19.79428982802476 2.834264282413197 15.98265190844591 7.4383442906828625 6.528197153194864
64 640 0 0 0 96.1145003784981 40.95753503137751 26.273208552061224 23.759626957519632 8.896624689211265 21.79652923274609 2.6241829779395345 16.082337706938063 7.279504540080646 5.948481244678757
65 650 0 0 0 95.86056477173133 41.496765116500484 26.590171733755962 22.677676304672698 8.726980296858667 21.724038283135858 2.737049683220437 16.071020052941993 7.024986025969419 5.621047094547918
66 660 0 0 0 96.52600491577931 40.875703339870014 25.89434244221574 21.420141897519215 11.731979560932148 19.944713405673618 3.1979445608484345 15.980918593091422 6.932183137818736 6.731430383287647
67 670 0 0 0 96.84659469707665 37.81769594810073 26.681559012985627 24.021888597436984 9.701676964271535 20.92630107163723 2.0980674016908827 15.979260156168785 7.354378811032271 6.659291994042382
68 680 0 0 0 96.41753665993048 37.36039465550673 27.35431034692527 22.904728548864128 9.842906012812211 20.26538933862277 2.4265716069756342 16.038054229001737 7.539660004602559 6.866743105922643
69 690 0 0 0 95.27530502501634 37.563847697705214 26.646826769475677 21.54944364572793 10.653250818622341 19.93098298482479 2.816937426825486 15.945835947446469 7.408340817853798 6.364310563586844
70 700 0 0 0 94.53436055020521 36.954575207791386 26.53612258293076 20.63420379003 9.99257554863994 21.496799656618983 2.701708406375837 16.09002295388567 7.579143096345204 6.524007379940839
71 710 0 0 0 93.23672661135073 36.48474192332987 26.515315234048032 21.23785694990052 10.36309982795613 22.194536731201836 3.0278186453352802 16.09568062351153 7.780962957433658 5.8659894170740206
72 720 0 0 0 93.08305080796656 36.29850898364391 26.102827194704858 19.045701868782547 10.492497317108661 21.359059325309484 3.2681803830313747 16.061031634640486 8.000717395260294 5.367063733889625
73 730 0 0 0 92.32698276621703 35.611182854938825 27.350925499591604 19.947084919074022 9.756404277741384 21.28398861968474 3.214803885751264 16.02835770199896 8.253493981871369 4.710711318801471
74 740 0 0 0 92.30639106992419 35.435126499349664 27.160986802815806 20.070508446147546 9.459301877806482 21.06227348954659 3.424450301880285 16.03252423390704 8.251975875273093 4.077471382752806
75 750 0 0 0 92.59810593918557 36.8989720893096 26.67032611375352 20.676264017636065 9.26878231353736 20.859521727765387 4.837021607111672 16.055748532694157 8.046240819409606 3.6396325475298923
76 760 0 0 0 92.26116500715045 37.2742500162918 27.63377747180874 21.24167957530281 9.241984032953287 20.623187368322906 4.551667592767526 16.08189137461688 8.225847360436862 3.3005144117199996
77 770 0 0 0 92.22673675937949 37.539789918089944 26.99824128587038 22.554853128047323 9.217721482081258 22.047864932130896 4.460812040915829 16.125052127177792 7.884974159606179 3.1089609187332967
78 780 0 0 0 92.29945691192087 37.62660284383315 27.054988818966905 23.66962913124878 9.475528332623892 23.23889654559294 4.195220353052373 16.26100007785018 7.7116423507776 3.691866781301039
79 790 0 0 0 92.26752521956459 37.54797714293815 26.872790740147483 22.90783092047488 10.249108081836198 22.487920357417032 4.010992839592244 16.170306427789328 7.57683991557968 4.235106327250002
80 800 0 0 0 91.69188604192489 36.49955059795333 26.080238804979405 22.16502495855212 12.313712937760878 21.186009832488192 4.482100703928359 16.126083096072776 7.311179383806437 4.830766538878271
81 810 0 0 0 92.09737598704683 35.69219733573961 26.598646628207057 22.824803946621806 13.071269723856295 20.554823751618837 4.166402727985525 16.039696625810123 7.665671230345303 5.142930834159473
82 820 0 0 0 92.19694394980861 34.47584615336905 29.118718756152912 26.071917339321683 11.406623376005015 20.734093367627782 2.8669002592182093 16.06151601700785 8.271254175123664 5.1047948229832345
83 830 0 0 0 92.75946230823027 34.515541698268684 28.345660934500795 22.695081313625895 10.484801313543269 20.32127164869768 2.5920631964958893 16.08578190652156 8.531968027307755 5.021553146134671
84 840 0 0 0 91.42978461737953 32.843244966447536 28.684328831720997 22.145231170763353 10.179577557944688 20.743072412750912 2.490625935440181 16.049546012978283 8.657576746108798 4.877253010997785
85 850 0 0 0 90.69761745027296 33.36532971284779 28.511333801024207 21.88624793503836 8.96689961309615 21.894517858790515 2.5189747410598553 16.117631658999734 8.55652274493366 5.044551430262646
86 860 0 0 0 92.02941885379812 34.29995985594355 30.293017517532594 21.156152631715553 9.198055660532816 20.443417208112578 1.9997839558169799 16.02893460013292 8.749128031896449 5.974149013495612
87 870 0 0 0 91.04671287843516 34.9877052125919 30.089327394173363 19.69729729962047 9.078594826011532 20.853049833998735 2.0729006542626642 16.120657723221242 8.720797343348398 6.123167427492989
88 880 0 0 0 91.85711170799682 33.298082365361395 29.838334330676396 20.634821935581574 10.419304657881662 20.655762921721834 1.6142010591255245 16.08538418898618 8.614423235057297 6.5587500024494965
89 890 0 0 0 91.66704440310775 32.47674451613274 29.709337985434473 19.867900569181952 10.120768430640746 20.500231797958577 1.7171092136135184 16.045999163841174 8.538276532266385 6.269585522490766
90 900 0 0 0 90.50280219362958 31.58656326415686 30.023295524210784 20.034573407424155 8.649859037845047 21.06056740814519 1.1336796440556287 16.118696808160156 8.855325837821617 5.747945634501266
91 910 0 0 0 88.1891867151505 30.137005228422282 30.81037740609298 18.647281234705748 9.22109796063187 21.66801087870244 0.8053892566739602 16.118071073052395 8.89322040913615 5.811098072107087
92 920 0 0 0 88.77127063954072 31.631440004355085 29.080293881068314 16.549819171110876 8.26966846923577 21.978395279401724 0.965175565456505 16.10858614346242 8.748378140060073 6.079759348500569
93 930 0 0 0 87.3378734973317 30.510079684089757 29.44847752420114 14.148745465828716 8.014204700614924 21.98651896924781 0.4732436423830013 16.096407691245012 8.904499546646342 6.243363626543579
94 940 0 0 0 88.03469464383518 33.30393761238978 29.778441198569464 14.77489251171256 7.70868992293025 21.968248787791772 1.62199121078575 16.07200909030503 8.511001269672203 6.208930591324509
95 950 0 0 0 88.43320132070602 34.62041863497871 28.194253591544843 14.649532693376733 8.893940659260041 22.011078030062187 2.464599306307788 16.055028662507997 7.861916877761145 6.869149807077482
96 960 0 0 0 88.04714484701795 34.57892431194423 28.62379914299731 14.48566394441226 9.100970210148803 22.298901844017625 2.394249140001279 16.08409224954877 8.022860925173458 6.585671588928589
97 970 0 0 0 87.16271414919258 33.06458909634732 29.16576540616993 14.846996449857267 7.913513479516123 22.68202214420686 1.2432426183951377 16.11269415384709 8.497059394608359 6.260676835782798
98 980 0 0 0 86.23645452159471 33.69059170969975 28.466230723501063 14.135469942305718 6.682868725161521 23.59882831815091 1.0827263887429337 16.181729181941677 8.384057690882807 6.296222270521293
99 990 0 0 0 85.58867446477497 34.39952897577504 28.30283621509521 15.218961571730867 7.370642987914909 23.557596930439708 1.0489361536510027 16.21166461381277 8.173674564914224 6.477813080887798
100 1000 0 0 0 87.15292448803139 33.0680276688605 26.97505156100764 14.209111582711943 8.197777968343209 21.364427352465572 0.780466781150318 16.138083999437544 8.648136260626545 6.891146175891649
101 1010 0 0 0 85.84814073231959 33.630946911313494 27.975260314651756 15.384448188863848 7.309723548567168 22.02753306047487 0.5166995111155706 16.163757633438788 8.900436161025278 6.186087570881549
102 1020 0 0 0 83.89301902219064 33.319056208447016 27.810649156096655 16.497739283637095 6.9312041491421965 22.98173604596641 0.631020256058146 16.15944219724605 8.919667914630553 5.7047047235387565
103 1030 0 0 0 84.98188750278464 32.5164054326666 27.803331469618694 16.279849803547343 7.253439265055891 22.17911145805374 0.7671054785105605 16.121618570750073 9.032266930315064 5.2421348772236485
104 1040 0 0 0 84.5680648961115 33.82712640545152 28.83746917865527 16.397726244893768 6.746088163433118 23.400695282356512 1.1178484871397991 16.181519083599767 8.756568375788227 5.211280868246725
105 1050 0 0 0 84.711976704196 34.065489417286585 28.214560431088692 17.525116387416194 7.278799919281177 23.250146857490236 0.8925917938442733 16.123915733737935 8.814048638699328 5.5656960117411165
106 1060 0 0 0 84.22985298603325 33.31950392830502 28.575738358234947 17.200544945518285 6.294496239175882 22.849312390217754 0.7275852391147347 16.130897865546366 8.811444496931713 5.1573711533078805
107 1070 0 0 0 84.26398108915988 33.44806848271863 28.161213807523517 17.43468051482232 5.675073536289813 23.231230615815466 0.5548485981266501 16.175991890130778 8.815335910956883 5.081638732452201
108 1080 0 0 0 84.08408434336067 32.72001768361744 28.407326840473782 17.569543579590746 5.562878549345297 22.686351984290503 0.5477334452405214 16.1077678909335 8.746353017634457 5.099733929218022
109 1090 0 0 0 83.64271291540078 32.3998921919885 29.152744173620555 18.369826445294514 5.447270589410732 23.149737926052875 0.5880611937424576 16.11827239397067 8.840619105101272 4.601663353445819
110 1100 0 0 0 83.26561676958765 32.59100994245175 30.335979559548083 19.483219687758577 5.30275833819566 23.310040961415847 0.8229979965082839 16.15778578056731 8.83870701991486 4.475301210381888
111 1110 0 0 0 83.96061155825616 33.07625085638445 29.349656665466558 18.5142870600358 5.428427034927275 23.439579162597987 0.49097856414068985 16.14806144826721 8.756450880713025 4.895002959224213
112 1120 0 0 0 84.66130662822727 32.7877827100507 29.72400999491071 18.740372512390397 5.6655954336718315 22.744620893594202 0.435074882103857 16.12709868879556 8.970891434411241 4.7488107658070335
113 1130 0 0 0 84.11977615968526 32.748966683959296 29.74707700292685 18.818181141742254 5.517792798352767 22.84922032827128 0.4287465125925611 16.148073827573274 9.06157181238823 4.748383065176931
114 1140 0 0 0 83.64820906454665 32.970074876115945 29.53158117359258 18.899074528840817 4.970755774774408 22.803931843300518 0.5177196175116329 16.126316579361117 9.103535554865381 4.354732998428443
115 1150 0 0 0 83.57517139375959 32.9940321062877 29.728912268185884 18.812651522744353 4.725244630178854 22.692052520284186 0.49239153449947726 16.142175944126713 9.25270167652982 4.233477155822666
116 1160 0 0 0 83.28268104354338 32.97859815500196 28.745846189266313 18.008354427293384 4.373915224717102 22.657263393534766 0.5631235408290401 16.12670472591626 9.225786862716301 4.008216693330459
117 1170 0 0 0 82.90780076795195 32.74592845127291 28.216165021655655 18.17787324256019 4.082189682474048 22.90593321154588 0.5433104138679299 16.135930906020295 9.285094313442597 3.7082735882816835
118 1180 0 0 0 82.52770060939564 32.64971019780203 27.37792493316443 17.175124097891914 3.647780959338933 23.479566357619962 0.5830371505209258 16.143539797920855 9.186688555863787 3.4710242839220795
119 1190 0 0 0 82.77823635480202 32.6306985584785 27.665567782663633 17.3970185148616 4.42365489576153 23.623485475140697 0.5182125108432887 16.14457081791161 9.157547584411258 3.769750903985804
120 1200 0 0 0 82.80538513747297 33.198007899427886 27.89510612184797 17.906665403822362 4.9018010259451685 23.3982895271347 0.647584190424378 16.12003800284475 9.187240734634557 3.650941462358665
121 1210 0 0 0 82.8363018998091 32.368669713595345 28.20560279618778 18.46812662575476 4.936159028994837 23.361738741525215 0.5163210721976688 16.10930398464853 9.357379518459492 3.5240378233579244
122 1220 0 0 0 82.74284750876518 32.16172818561744 27.854210621810253 18.20953407532649 4.932483716856915 23.573838149181743 0.5455399519758397 16.134449341149104 9.416059567188267 3.340260044529295
123 1230 0 0 0 82.80231874466637 31.42345859405012 28.19124009832922 16.920985802363965 4.644121461281977 23.706342206042258 0.5400505091056762 16.172637052998915 9.404666170187841 3.335284079462305
124 1240 0 0 0 82.95674406868618 31.059078456322926 27.57326512451836 16.756932377484308 4.6364011703753025 23.46238428618534 0.4282013383443017 16.155803898517522 9.479891992284754 3.3297955406775586
125 1250 0 0 0 82.31541184308973 31.118027493819465 27.82294879947208 17.273621674239138 4.8186116061900535 23.19334343695382 0.5227552535560727 16.12188338819363 9.315586648579457 3.4481208514935395
126 1260 0 0 0 82.1125410922305 31.22911163093665 27.56728773027685 17.366385891957194 4.584328317006706 23.4216784705962 0.460644389234139 16.105144668569235 9.21245226409054 3.4333974867805432
127 1270 0 0 0 82.54287769682347 32.06950395578276 28.136589304126346 17.349772467526932 4.764336678103787 23.67053714415369 0.4144542478691956 16.124244924806654 9.132261781306257 3.818167031236711
128 1280 0 0 0 82.3908602405431 32.32584523728104 28.515857988087127 17.66087622653276 4.4068389839962405 24.03468125787495 0.4962972233662352 16.159999532422923 9.20266293857696 3.7878296612224203
129 1290 0 0 0 82.54874113326586 32.743828429127774 28.786854805019107 18.36756025070479 4.479284351117894 23.54691502864995 0.5517600290670414 16.147959772069783 9.298173626849335 3.800776471443698
130 1300 0 0 0 82.5875793194283 32.29306931399169 29.355219046598325 19.278511982087146 4.596244038006106 23.2250250414449 0.46215634782931136 16.146608396675457 9.353171186702635 3.877778253151638
131 1310 0 0 0 82.63231807314004 31.853643652389874 29.365922678630504 19.28043489877934 4.787162925439208 23.21095151606629 0.4520186744880865 16.13576964674404 9.361402235404773 3.5575877474228235
132 1320 0 0 0 82.38983251992191 32.1377936375449 28.543423237147305 19.239369427210296 4.403871857047036 23.57044239823948 0.5052575952894137 16.156432477823785 9.308179846413655 3.384199009495592
133 1330 0 0 0 82.78842671082627 32.348127509606186 28.527175897909128 19.771572310171805 4.472065496239723 22.929479081713843 0.515938082170665 16.142962142569083 9.394663751909867 3.392418223516783
134 1340 0 0 0 82.4307748715847 32.166109991348875 27.902438729054875 19.2821942244846 4.421603702594827 23.11924071268507 0.47929429007364355 16.170448652546604 9.452192916022243 3.362099449633754
135 1350 0 0 0 82.59073139012166 32.12354401291535 27.577089367298022 19.32909863167702 4.372306365746655 22.77930028266987 0.5068995122692345 16.15436470111862 9.57735085378337 3.147508306405078
136 1360 0 0 0 82.61441653087186 32.11050401791661 27.076667224918584 18.5701552875422 4.3125369076425395 22.620380968169297 0.48376083192711467 16.154182688468406 9.609063586605005 3.130673874196569
137 1370 0 0 0 82.57498685955021 31.601005091055313 26.56337005557107 18.595122757665507 4.442464433842819 22.25283960737459 0.43617610450911126 16.14550567668113 9.627390487976522 3.1941742263473856
138 1380 0 0 0 82.40857853245123 31.948231397967195 26.621418435816466 19.052565297388874 4.913363633391278 22.03303189245401 0.5043384870373335 16.158146952505167 9.604251620311366 3.2117929096517956
139 1390 0 0 0 82.67077672953104 32.12155660799436 26.020406120019853 18.435025081338132 5.107763993926256 21.58951948774395 0.514699676186855 16.15276701602405 9.595263372087436 3.2776410381089556
140 1400 0 0 0 82.84434633791052 31.743225692889286 24.982985044858445 18.29848674054359 5.489947606535997 21.025223214232902 0.4703283002418651 16.11370264426497 9.560260758246173 3.1163629928074355
141 1410 0 0 0 83.04248384129701 31.8016724942159 24.18059719666139 16.884842294397192 4.87005818775484 20.631861486576334 0.43400088922771507 16.13030168154248 9.471635093055443 3.1002592852930544
142 1420 0 0 0 83.10075093483033 31.072602587852707 23.759052706675302 16.749008159183397 4.7475458668061625 20.03276951478584 0.36358078400866395 16.105803529600802 9.654027606312328 2.7651699080873735
143 1430 0 0 0 82.70697460262117 31.389199436941432 23.39967203940149 16.784194905293 4.963165766049407 20.289832331333603 0.43999314100525977 16.108366402545123 9.517734570095048 2.835663244796123
144 1440 0 0 0 83.53744095719233 32.17308624695577 22.904018804136246 16.76015784565267 5.33231682234578 19.707341439020777 0.3805429140718174 16.062913312017983 9.61415501126074 3.0202598342422737
145 1450 0 0 0 83.93679146587861 31.79546606294917 22.55622153200704 16.778704389128936 4.724096803823613 19.733616859701794 0.2820387743266569 16.10227265703007 9.732863077861623 2.9543378931815676
146 1460 0 0 0 84.25304667646084 31.815282421676315 23.40917202406632 16.94407480615313 5.41311050201428 20.32371809823618 0.3618845676066836 16.104645305114563 9.613880140731352 3.5101717351822637
147 1470 0 0 0 83.70823589283212 31.453242762945532 24.347772568503846 17.735655477694895 5.2724031069928445 20.311691923217058 0.4476633807084917 16.077033604212456 9.68235480527467 3.1845348357570424
148 1480 0 0 0 83.84582943895501 31.592072552587286 23.80110731055598 17.664040538695218 5.342194274917226 19.876013579759327 0.4526338289582903 16.05587815729202 9.75084488306892 3.040731706447317
149 1490 0 0 0 83.90698109748031 31.09021308110721 24.28593402756131 17.965662788579277 5.121321680663668 20.003888449631994 0.3869669561944015 16.075787597806503 9.744810970475912 3.049031342130252
150 1500 0 0 0 83.58412915910293 30.962058400680224 24.065699041412497 17.803933436822174 4.838256108638328 20.32228373947243 0.3960133813169015 16.105857158547845 9.714895502525847 3.001884172970756
150 1500 0 0 0 83.58412915910293 30.962058400680224 24.065699041412497 17.803933436822174 4.838256108638328 20.32228373947243 0.3960133813169015 16.105857158547845 9.714895502525847 3.001884172970756
