% # columns="iter, evals, sigma, 0, fitness, xbest" seed=738630, Sun Jun 28 18:39:08 2026, <python>{}</python>
1 10 0.9308228957512684 0 6048.010183367272 87.76344414612693 65.7231823550546 52.50009643940859 29.176144768383175 12.07658270812611 40.7926270131516 4.144953887893891 2.649245172770957 6.566341046861344 4.014607508779978
2 20 0.9711919779712781 0 6151.350864802457 86.7722850841496 76.40410900737511 55.198620925134975 37.93377785858563 24.67398908664856 31.808615415620064 2.314332688791859 7.383269268579441 4.503885585823227 4.388718466816376
3 30 0.9576244402212264 0 5978.351599224138 78.18925995579468 82.27101919072584 48.65342742910153 36.51015375054702 6.1539638166964625 35.14362480303537 4.086815901521194 5.614423239255685 4.927154319371551 7.763304002381185
4 40 0.9946906769414533 0 6002.027650026362 88.61661640070355 74.78291987553791 43.71637386250835 51.3889935623116 11.792814534841021 21.84285527781376 2.05983228331458 5.150247842860311 4.48156240483992 6.000342989988382
5 50 0.9791938537448478 0 5643.485591857021 85.10765615592757 74.56080960663178 48.67509031342456 35.636810031887485 11.879132126682192 31.0889613411559 7.965692665312442 7.739584700405484 0.8949383546161211 1.7873251586683137
6 60 0.9602443576511953 0 6563.44129794648 86.31352369586347 76.45570557180514 55.90222188227382 37.16995042694111 13.143633585334772 33.993756390208915 7.727662601676845 3.549652841430486 5.064208390351087 7.910701118043001
7 70 1.0031678055883282 0 3003.5328162823903 76.6884300061037 64.7673874825478 29.891037655772745 27.265227270407607 8.239766653862375 40.26071397351698 6.251708529751259 2.516481114841927 3.8598572506191617 2.810809896407701
8 80 0.9678616993412835 0 3375.7580580094464 76.44195306168714 65.81198674819268 38.61053596525224 27.152374370226646 6.4111148736280335 40.15623571022587 4.934833021379728 2.4362616417767455 5.201285073245606 2.5888231470452587
9 90 0.8626967700434587 0 4637.97521464336 72.51191142345128 76.17248801567023 49.35383726919815 17.66854150528224 12.279724730150638 35.697055304122934 2.374146976276193 7.8074156150727445 4.521532999671289 2.966571445487832
10 100 0.8462191420449758 0 3348.1487632239473 76.83149319420588 73.59974066255664 31.31075653966882 20.10003909741313 8.836583934879847 38.474889638266134 2.1544116350267717 2.090839938812355 2.7741705921751367 0.8151945571525463
11 110 0.8835588588207229 0 4270.237974982209 69.91952264651556 68.6271572956318 18.37831837742669 8.192394821571689 11.095423986326018 44.9680972337093 3.0857622734629726 7.961236889026283 1.3789134802017853 1.471637690518948
12 120 0.8160562679455574 0 3859.5842895091896 71.91601288986503 71.43363258768443 36.66101161706362 18.910084240501202 11.399521603491666 44.99898096625085 3.544161564248649 2.139770914343959 4.7410858683808765 6.531868352205533
13 130 0.7934548462254071 0 3417.1009925957424 73.46259878149861 73.6655548129953 21.475008653677133 24.812526370517244 5.2447643774221495 44.03796569554247 5.4009875665310005 6.5275562456514065 2.5080964498968035 5.033175733004776
14 140 0.743326651131933 0 2926.1466494061756 69.53548911952804 64.35238887057164 23.893434163802954 21.82638934263367 13.307628763576545 43.410288768443436 4.86762919915656 7.312130640259073 1.6346851915470406 2.737821881719036
15 150 0.7143237694583581 0 3174.979155918259 71.83650581909797 63.95216256540616 25.866161480766714 29.385103583966846 7.445970563499273 44.0108434712554 7.814249729892993 4.484766100581429 1.7003004244074222 5.392019862692233
16 160 0.703459277698982 0 3265.195281380292 76.56222339499897 66.88508720439924 24.884675754614655 20.096538199033667 16.49429938461426 37.09504897788955 7.303662672620461 5.585504135982613 2.595641912291993 1.8002911252089682
17 170 0.6921619458291035 0 3223.488634144854 72.0989099195768 63.059957993198665 25.0555374700225 27.677506243118636 5.96740699211908 45.198939071913976 7.9460542647086525 6.310675802449043 3.4770741025012435 1.7069239028583245
18 180 0.7190947318931854 0 2996.1723837809964 74.60655868444134 61.21831654833193 36.583090927909986 26.043876479411253 9.186683717907098 36.86126896832136 4.345150263326273 7.483875163621206 3.990854965583364 1.111063006213235
19 190 0.654871913547904 0 3628.620744440374 75.33404602592974 69.78169683241718 36.906469520948626 24.269164659488496 12.583922323819488 41.67427811378908 7.236725096957074 6.462059366928712 2.8479116289243125 3.3650256605322326
20 200 0.5949845576201178 0 3341.431611127643 76.58811935500508 65.52082184269202 28.416214261032586 21.818875609960983 5.3636822833781705 41.21722449613377 6.203110865416159 3.612241733727833 4.843822834467237 3.9941339678742027
21 210 0.563928546805966 0 3072.5674658770226 73.00342529320524 59.12441352266128 29.58236511917962 20.335154899424424 8.409485563816759 42.31033526718275 7.4317630550248674 4.323182987492263 5.005396608318452 3.643201859007455
22 220 0.5643282724145119 0 2391.723072374924 76.2267356225023 59.606239735890924 27.43068555768849 14.966082515588145 8.075071374757888 36.35647893471311 6.313060204205383 0.8374376312275942 5.31086588151252 5.280162156985179
23 230 0.5432178405129496 0 2568.409839769438 73.28178537838083 56.43857706079377 30.367558677307088 24.099484045611966 8.116251257047196 40.18578406179954 7.911636119748017 1.4893106519189416 4.159789912797181 2.151994867369809
24 240 0.5078181631519301 0 2536.787485206342 79.41019675715951 59.82230510169379 26.18275442661584 23.202234849415074 8.739744812235783 36.24220929536014 7.9058592498477065 1.1588190412375 4.500052245005626 1.7044039331949548
25 250 0.512126625480235 0 2656.852815748139 78.82072643554362 62.738221196591404 32.058229486685995 18.04375570069911 9.05318160837552 36.14636678063168 6.148660843407126 1.1973561843332838 4.060864421640899 1.3607787531211955
26 260 0.50657110754692 0 2374.6222701914853 76.30310264155148 57.450471156677416 30.081486796773472 17.90802354319379 5.470140863525097 33.13447993065118 7.8283267393813825 1.6117463913158794 5.760950620938926 0.9646629095960522
27 270 0.4946918719163722 0 2317.9501970077354 74.68179046217959 56.432806420852465 33.80630913763578 16.529909455381226 5.760710426804286 36.64200786761365 7.999881905547282 0.8000162719529342 6.2694443017172325 2.288349491114432
28 280 0.5059810472766083 0 2382.9705381892722 75.05232519711667 54.32356263654152 32.98490736497244 26.674103572906905 6.71521899525826 37.0337729951619 6.154623558513548 0.3595033206752234 6.24925145891499 1.292360829767569
29 290 0.45494935435682615 0 2252.0516211705976 74.5343630556462 57.096754084385054 31.271234765787856 20.136368340331764 6.849554996579918 37.81621811847668 6.788977489429356 1.0237528512551712 4.800681368117761 1.4333838937108772
30 300 0.4449240807002649 0 2576.9853077256794 78.32693120095259 63.287834500696476 31.907541756913886 29.67824450074711 7.818232699224549 35.77387543122004 6.349664868813314 0.6495520355487905 4.260892200193753 3.5669317176062947
31 310 0.39925963967894607 0 2460.368094717509 78.82070529671782 59.936969914851616 28.039322762212905 23.811293631518012 8.216702184700537 37.61326639680893 6.549499367122247 0.9544818918251909 4.557778805751811 2.093751619575483
32 320 0.3732655254592277 0 2163.5139952790173 75.45059315541371 60.834962521470054 28.130999744119343 22.017535675826487 7.669091200208649 34.516515016516266 5.5049376613898096 0.6059362260195442 3.5999443581208714 4.53691051224317
33 330 0.378396700218814 0 2199.578241353003 76.20572700422075 59.772543418248596 26.926053747904813 26.361731837424447 7.239465418515532 36.431060861128216 7.820300726123587 0.9548664296430154 2.8893274724507556 4.5217709634330445
34 340 0.39678226609665573 0 2531.1986418692854 79.54303066222805 58.65210957878124 23.492204054324922 22.77232126798094 13.329819469835527 29.97503033499313 6.450535090618019 2.0000310426326475 3.1029645775494243 2.4831175557990433
35 350 0.3878563331574693 0 1586.424626281265 77.52957857358372 55.91050714701991 24.93310288219364 20.175259974367854 8.512025967339781 33.69260189493274 6.163562197337135 0.7087244267388684 2.4893906161763764 3.4766586786043416
36 360 0.39992603735176324 0 2004.6342761333858 78.59743007649358 55.54277917747229 30.31302146759909 22.74246897307889 11.196276183658702 33.632229777803346 7.527218740343717 0.8504592533495803 4.587200510863615 3.577066598717053
37 370 0.40865599210094206 0 2266.7571439734493 82.02518461959394 53.46987969580155 34.648661454734615 29.607982637415972 7.263385354038668 35.56805536202551 7.5882579759858455 0.758786638214243 4.012662553395702 3.500864286941554
38 380 0.4028259470129144 0 1767.5911088607606 82.17772903500678 52.38824056956697 31.33843619632107 25.122267084549893 8.478962096987198 28.235003147038956 7.056424664488556 0.8988507325989818 5.097976493467496 3.1141408077547887
39 390 0.35298724407848964 0 1859.4108976085486 80.27139964998864 55.21374825465654 26.440241263688208 28.869814675661203 8.118301174574782 33.49874493534271 7.716805230369787 0.4925704820299366 4.209367996864681 2.728441650835195
40 400 0.3309125436534449 0 2206.950497248605 79.28488854174736 54.711523103291604 24.456648869723054 23.404705921538742 7.029721832159913 30.466608829338515 7.454444926524578 1.4758036440499716 4.250168991079613 3.485649035905843
41 410 0.3345731494773734 0 1717.798699615193 81.88677918943047 53.626504416256495 26.797988858633076 23.34665520371323 6.3716342108801625 29.626328917034513 6.84961957215335 0.4050696836676053 4.857507060604511 3.2025726905704155
42 420 0.3562631064427695 0 1557.752213595501 84.63646401565082 53.053674268031614 30.110818814395547 28.17743350670743 6.1793257094126295 24.746433617102106 7.250837220879091 0.4676604734116765 6.162473823694302 2.2655110082199696
43 430 0.3556846323539608 0 1700.0584156133043 81.25502634485835 57.61664869605342 23.88887818241669 24.176081882845654 11.566652630420794 27.68814932390007 6.536177734045032 0.526400375793326 3.797267873451145 4.408920622078616
44 440 0.3672954360659648 0 2030.7898103579105 86.89137079993885 56.12175446256193 31.909674171357175 29.12393389407392 9.816490925477314 23.270767691051102 7.943359920691948 0.7778818060121395 5.573312655437726 4.684915337926535
45 450 0.3585853575339245 0 1825.2764471789915 83.67409008033724 52.18509706385768 29.71153763768219 25.442232783375847 6.561206036411058 25.63872096016494 7.527827775402612 0.38004741961808364 5.192674618515672 3.8703764963713816
46 460 0.3873727827660177 0 1681.6236685424565 87.02045664953593 49.107237558101545 22.660393698024144 23.861760224336084 9.051596772372264 19.511054160311254 7.443537522034279 0.7533730899156232 6.519128346224785 5.645506993712663
47 470 0.42789082990684973 0 2198.50261689056 88.51802342806975 51.5402033395563 16.19577193323888 21.41250361524374 14.512674512832898 18.538569504943403 6.914731168654048 0.8358976383062178 6.3454671925440245 6.445880900182808
48 480 0.47798396719134434 0 1341.787536439964 88.92446820050209 46.14095375301343 26.641178263036934 27.822546080690405 7.893059360973434 18.44446510261256 6.313314432396854 0.9619463680024065 5.932385133896132 7.545433152374898
49 490 0.5113056392480408 0 1705.055048488022 87.12759769730555 49.07715681106775 29.274019736975834 20.640601629305927 6.7854461739991425 31.246255562223467 5.930395754665768 0.47544778936414644 6.413217870118435 6.198949808483371
50 500 0.5336182112868275 0 3106.3228843504157 87.96573509400928 48.0839637383859 24.874614050258472 25.224095666594362 8.530616684515785 16.89835457140324 6.833170360087962 1.7923605831118294 7.248021179269281 7.457356430985666
51 510 0.5123197131171224 0 2927.1407875026034 88.69542757317004 48.7306907541085 18.11671936328607 22.481475905038334 8.623030002970003 23.202293038754362 4.924756013546599 1.302952202515785 5.931665851401794 6.157627745511289
52 520 0.48766273764465884 0 2203.6051973869794 88.57403942343298 51.23176932769039 27.155990220226105 19.73394235618113 6.401992303195443 29.54468071186201 4.5310215252419095 0.8584701254221336 6.251448938440092 4.9505217029249025
53 530 0.4488635582759778 0 1364.6252637546804 88.99898148098822 48.608807739810594 30.39282333758786 25.69173469366897 8.265042383495246 18.484549963301006 7.4578771535443575 0.8515704832026891 6.9191424626629905 6.117953975400074
54 540 0.437293287702402 0 1238.6984984239527 88.96920712534197 45.16415468446286 30.052523496395615 27.146109488554792 11.693718474777299 20.24607532402633 6.922654055459591 0.6664322517550758 5.4888474062983645 7.221701013243888
55 550 0.4132086343927 0 1366.8353299145485 87.97984641952377 51.079574761812324 26.445554016424044 24.79161539586635 10.103198065531613 19.715307461643455 6.7121184671755945 0.8102009684137723 4.50203078833143 5.257814887335906
56 560 0.37714704720811987 0 1424.2849213667823 88.89866332259274 45.32992922509302 26.44315505215909 21.157084957672083 13.51475984465048 17.29906324198435 7.304030157101979 1.0781339058316721 5.4346075675150205 7.925039298897676
57 570 0.3453815107712606 0 1362.8999189960348 88.97434220509685 45.738669953512996 27.721980962189026 26.821447670318555 9.903931150124128 20.435893485837124 6.195172215595471 0.905133011599613 6.351353545168704 5.074706148120125
58 580 0.34033053369783295 0 1524.5099411992421 88.39020315230275 44.00658006588311 27.114292707061306 25.76296337268507 10.737205028326107 21.374530071938803 2.5950637629176248 0.9896677939850616 6.5393636261719195 6.067238605794177
59 590 0.33670444312647646 0 1099.5707237161757 87.31514021040016 41.74745927372604 27.241378981261427 26.722170933594207 8.811202463993228 16.154961680990667 5.360154665107089 0.9611105522026975 6.906560960579416 6.806946314459033
60 600 0.36683321742436775 0 889.3508137756844 87.03791331255582 38.00516059318936 29.232176742449063 27.932085689730055 6.348548931257666 22.683159525907183 1.6209143156080295 0.6414006991041532 7.408524957412789 5.469931512527891
61 610 0.3913240107140003 0 1016.5524122468189 87.84319048339493 39.042490330337586 27.406303581703217 24.217556555039263 7.982876671322112 18.27575582541033 1.4393566113956633 0.9321482304603741 7.806151059152592 7.832523646890626
62 620 0.39439544507701435 0 1049.3052778248716 88.54895422309639 37.93289033340765 26.784085870592836 23.225431636695724 6.122938775819112 22.88508185912937 1.5896269873525495 0.4985731832355036 7.247939661968087 6.2837050335190305
63 630 0.36036297930833283 0 1033.8910353212652 87.31972726450934 40.122128356057125 26.99616592803086 22.928465471938374 9.459310644013497 19.72187366851046 4.048766551984709 0.8268905425558692 7.312361574968002 6.499414640173199
64 640 0.320678531630779 0 1036.416534317463 88.41421468461665 43.18332322324463 26.116428087597974 25.958142024558608 8.336492041450926 22.94096364688151 3.394457247223002 0.5364022161420188 7.399938961481624 6.1477433284754985
65 650 0.28104238128231906 0 1081.1118415142244 87.85841649906992 41.404476379227184 24.843348938344977 20.299654160177347 8.154279215255258 19.315228659432442 2.9559882657147334 0.9195604947413987 7.197307938111908 5.562465972702252
66 660 0.2680826241865276 0 999.748201414203 88.5398024187048 37.560950643792225 26.538071520837953 21.6826747413834 11.958745113266138 18.637304143008897 1.7300661708608682 0.9066174227628583 7.453128350439336 7.0442459286745605
67 670 0.25189331489567146 0 1105.0802860452065 88.53552292770406 35.014050356095574 26.50311470357717 23.25129492135738 9.30644454826629 21.788980595921007 1.439124544643576 0.8328565215688979 7.716404614935809 6.5561062079740955
68 680 0.23902175251381882 0 906.4710152230036 88.72889994616459 36.15804844963581 28.04407983419781 20.864432051418405 8.026882427918984 21.790070187008045 2.470305145932774 0.6770418816733468 7.539764156325181 6.8651174888888695
69 690 0.22707052026548755 0 981.7263878121069 88.95262348668655 36.37218705232407 27.85967930350346 21.56631363457815 10.438145969273828 21.065962926299903 1.689966888428586 0.780310709305784 7.630827908453609 6.104677712637783
70 700 0.2217950957851056 0 918.5917030775609 88.99980324156002 37.92269256762303 27.061896040384884 21.07557991618696 11.116008489811817 21.87299162732491 3.0266935487772146 0.6666692743278979 7.393375742337098 7.109742602579007
71 710 0.22976477472309925 0 963.7397290811348 88.98811410332706 36.15637727795951 26.405919005938152 21.77493553822371 10.02299578170735 22.94766814163835 2.5588432012961952 0.6234188269052368 7.798074691422309 5.012793796625126
72 720 0.24524470454213357 0 945.3932180530587 88.95867935516272 38.119148397733056 25.131291610797348 17.289859772394845 9.920908380820144 22.170255871672502 2.9256052222502196 0.7022558880767562 7.982050099131541 5.321315581603241
73 730 0.26005774954566735 0 1114.631233561539 88.97219854585713 35.906962534217755 27.86898281126658 18.810512840705034 11.25685353868277 19.59055478838065 2.974431077673651 0.906934817824256 7.997803793431393 4.580108075854818
74 740 0.2699042306226732 0 930.1821415292391 88.96494039302502 34.79938098317756 27.291881234109038 21.352766711100635 10.110311426805984 18.79553979105533 4.030125534397255 0.8487459454720572 7.949079104952774 3.3979604337008524
75 750 0.2836334039367492 0 916.7837222834467 88.8363551544517 37.45458832325335 25.38416282224668 19.714506060969292 10.445278495188184 20.693517532896482 5.017955001685147 0.773042488323 7.928053096279818 3.4812420404675777
76 760 0.2747974491197161 0 910.0748190252548 88.85785541878339 37.37999844841642 28.456479196660382 22.5510372481335 7.776931326593516 20.14843549151595 5.121744115789492 0.7703665537005335 7.980384381342809 2.00345872655972
77 770 0.26291114003799565 0 906.8486652467464 87.87197703546822 36.20568557280717 27.217374349894 23.4443739472652 9.964939447683605 22.652471059928352 5.177966561522121 0.6421353270565859 7.963476796105919 2.7330375081194793
78 780 0.24895880264513762 0 1035.6925149298145 88.94797658323475 39.384377594703274 26.069103082872836 22.762808658598964 9.529334578153899 22.495416748357002 5.4961181305255 0.5084062634042645 7.237049461025413 4.171606737223215
79 790 0.21790190221081723 0 898.0900847205764 88.7921808733543 36.62318800594509 26.310481061037184 22.582892219122648 9.647640199686029 22.06677831576063 4.254264243660918 0.6157347727611722 7.39176576611486 3.4024943251721993
80 800 0.22090543087287556 0 885.3307077876888 88.76865935364843 37.054323086897035 26.037817453894057 23.206130533725485 12.631581831250163 21.69918915330754 3.9190776643858967 0.6375570386001108 7.434826587003219 5.234457267179008
81 810 0.21972224790538739 0 907.3445499997051 88.95582835743203 36.34785998545427 25.779092135673288 24.81585114948472 15.45751180116267 19.932018573174442 4.553921768156012 0.7876753112010064 7.562066608102268 5.824353775910711
82 820 0.23383837554611955 0 932.945337143929 88.96834679578295 33.278702757988924 29.788232537986147 27.28851235604949 9.90299659412013 20.33997012065196 2.160289559138451 0.7378959563077139 7.993376355363031 5.196316405029461
83 830 0.2339649489877656 0 923.2498305945464 88.97145726561308 36.320602264917966 27.68964327145539 21.976334091695854 9.746222847184116 20.780544563931578 2.90013532602418 0.6737908165163446 7.859088274875236 4.1909119765194065
84 840 0.2313348025080745 0 953.0061680662461 88.64972230417526 32.83031307726052 28.16962662297803 22.318028794613596 11.800089894790885 20.371547259234546 2.8168579947714267 0.802556295470124 7.987104641733109 4.749804313125681
85 850 0.22352256573597937 0 918.1840347759619 87.76207233692146 33.965441235142755 28.645588217617178 22.546292275804394 6.852270883316155 22.57210783615048 2.651192763732323 0.6650928468471875 7.935728439655226 5.05485145170557
86 860 0.23861799243557572 0 957.5488399977198 88.99823058473109 34.47342237646551 30.243305675618807 20.62219704593322 8.386367647885137 19.57239638234915 1.1912626450016432 0.8194724798129513 7.775830299086094 6.065986160836999
87 870 0.24858554314022166 0 935.5638369874089 88.32300381131215 36.477828581252794 30.078810840037793 18.602878449253012 7.457562520352714 21.950973387337847 3.004700299264052 0.608050985123544 7.974490890287614 5.5307498884320525
88 880 0.23511616183037612 0 933.070658722192 88.7379365610775 31.975163218984576 29.83525206305321 19.4174273110713 10.274082392085237 21.438544972877747 0.8149930138455819 0.695872052029241 7.925514172631166 6.701924909705122
89 890 0.21406128994728663 0 942.3706916299049 88.81583993901617 30.88567698049104 28.3931131408587 16.059003658858053 9.804121975683957 19.437543844620077 1.441488309498708 0.787710957475678 7.979176819750792 5.8679591070574215
90 900 0.20618743609323067 0 876.96965451738 88.11631494566966 30.7971280325686 31.616851128057355 19.888570486602834 8.65031998922271 20.567557671574185 0.11647271930858993 0.6678685031616212 7.4159114634361165 5.820046463799061
91 910 0.22416491467502547 0 892.8933669602841 87.41151270103441 29.917873324264207 31.69963144340083 17.597471314593594 10.205905904417142 21.00715492555522 -0.07822560561982073 0.7159030717392163 7.591216127951735 6.260341322540896
92 920 0.22332522847817174 0 864.9115506421522 88.11936372447 31.45846607908964 28.366327583982123 17.116206791250324 8.22070207206735 21.78905249483861 0.26551312675533356 0.6263044254416101 7.870997323218522 6.91741438698972
93 930 0.2373094889516395 0 803.404596725691 85.41393226226685 30.201158395151765 28.496107757294265 12.262777085710608 7.91502301800541 22.60832904685497 0.527954052300024 0.7134076059752559 7.908921637757287 6.019169364207451
94 940 0.23443657728983547 0 893.2223185405346 87.62056824432031 33.96220584568075 31.153265168535285 17.481071054426756 7.3632174172046145 21.326563020709763 1.6790342698843475 0.7287288517867516 7.994163358900955 6.1427154190597335
95 950 0.23946596412127483 0 959.1466457586001 88.06787896771826 34.92249052026313 26.259371391164528 16.16652948540094 10.88595740197951 21.539209593265564 3.448282758908254 0.7868181070677736 7.715460484440396 7.119407739724846
96 960 0.22118450272086723 0 840.068805399517 86.56549324451127 32.7767915200966 29.047024892196397 14.737848503215972 7.5923811509193335 22.42095445466884 1.2945383099335144 0.6863500032485916 7.919934099971151 5.2064286231684385
97 970 0.1964798578239665 0 827.9369982808055 86.16092587525982 31.807291081449637 29.49073378691826 14.616387311614293 7.887617802552818 22.944440418222754 0.5169750047069277 0.6609210283217912 7.931568360112759 6.27984506516201
98 980 0.19269606368081704 0 854.8163654582845 84.96670850502672 34.20636522941251 29.147619752315183 15.09153890259068 5.001098471372445 24.670381125935965 0.4664137145500902 0.5150172449725474 7.966596201378256 5.784379012482608
99 990 0.19986259237848647 0 792.5862805595895 85.32621805251243 35.28627006817312 27.863283188661317 14.91838318903427 8.47964505700831 22.805353934097134 1.034777108895497 0.5714308194546724 7.913653962429594 6.947151574221139
100 1000 0.20817548436999003 0 750.2560160137352 86.20125957721677 32.40774342978141 25.479509120226496 14.08308475887546 7.458993180198705 20.97171077752209 0.8152924656496456 0.6803102852806902 7.993874688173685 7.202130454610385
101 1010 0.21077787022320968 0 617.105438631769 84.11335771302109 34.8125709460434 28.70805870694906 14.250213399103842 5.889698387620141 22.422552420211158 0.45774265979552103 0.6393774277456252 7.773385236965895 5.53046834132231
102 1020 0.2221650722446501 0 669.2568190317643 84.22739229748963 33.08807898506999 27.991149492231763 17.185919844510092 7.038478575871595 22.987756886115605 0.5990745956403656 0.6114272796957927 7.8623077531444086 5.466554027346984
103 1030 0.21499011224313405 0 706.5700956212573 84.9368915057261 32.410929618054716 27.560814860775498 14.631461666259 6.7295675487240905 22.766313710430133 0.7852592457691578 0.6325600933736126 7.467971515890825 4.57189577892474
104 1040 0.19150568584385302 0 810.5637126418524 84.19540528711092 33.11370363222 28.586435020490732 14.803660427770323 7.162321212102812 23.383851593702914 1.057718544012595 0.6460414872424778 7.910269404498335 5.821588861253346
105 1050 0.17835871142358367 0 716.3407206804593 84.68994231371444 33.685287995462865 27.599234872408363 19.151536841828715 7.590500332137627 22.465111866316757 0.6173368976167347 0.7188978713557042 7.7993129688672 5.619012323888914
106 1060 0.17106177274431655 0 683.7906867050424 84.13753404942864 33.50340920617246 29.190575897800613 16.796249472471533 6.243448684501534 22.554006561977573 0.6327686822531637 0.70179492024781 7.771336713696946 4.986880296207083
107 1070 0.16216605800451428 0 623.4472562245464 83.6142469910101 33.02795049169034 27.566819076865066 16.960423466654277 5.025958173378462 23.55460800521734 0.2781662248856675 0.597613535122882 7.8745171975306585 4.792456950014412
108 1080 0.1643365717750873 0 653.231063667502 84.23676789669553 32.13770817195551 28.08780201143029 18.374823176493027 5.519949086962093 22.34967795203424 0.44178275220921176 0.7047421942924785 7.93275848639401 4.8775806987000525
109 1090 0.15940909058869193 0 707.4011755699405 83.25550172651944 32.57320314239926 30.441468891713832 19.810834492540625 5.564362024481417 22.771519029334424 0.3543769442180725 0.7434865703377334 7.800121012672489 4.467754334851931
110 1100 0.15845857491685775 0 678.9881786014881 82.80408946766119 32.8242630815027 31.36300291694444 20.344372968887154 5.030908393855167 23.525001438706152 0.7317810617122845 0.5930155043466705 7.926476762898687 4.510957864993727
111 1110 0.13624228323963886 0 691.5676389173018 83.84518484584288 32.45304403972759 28.400399029351185 18.310894975219554 5.977854464657138 22.738233267959053 0.3802135393418914 0.7249755257656965 7.806862289257388 4.666859054573104
112 1120 0.12215681085607562 0 685.3542255128232 85.22189330395041 32.142478102645285 29.947588627174515 18.537652065107338 5.820710261910822 22.02924965592155 0.374314728774523 0.6728720651382929 7.572227766643565 4.33551655179305
113 1130 0.10810499416730134 0 635.3181702091188 83.84375897018634 32.97879672370241 29.991432667620504 18.33861920894075 5.635855324487148 22.38522816790401 0.45619734191107036 0.6823868120034646 7.618027888993216 4.6365923071860955
114 1140 0.1045255179611966 0 606.5438698283431 82.7535789805972 32.38616157597559 29.678793743336463 18.004116635350623 5.185149639299918 23.113642127676105 0.47984431741044087 0.6732427472693914 7.5767003201344805 4.032488148528632
115 1150 0.10231950897787978 0 589.5101523225503 83.62962641633735 33.436712716588076 29.664434584384498 17.502280261486938 5.028574723863019 22.504432766744888 0.38095005173199525 0.6435237148458697 7.566296082805976 4.556708691942682
116 1160 0.10691368501576327 0 589.4231341321004 83.37340606141555 33.00900613744686 28.13415131465364 18.419372286556726 5.002939844220185 22.49480168055767 0.591274063940944 0.6731116683637701 7.468325936341658 3.733083233330566
117 1170 0.11190519274170611 0 602.4432967509833 82.54581966786964 32.040492682385874 28.18987164793928 18.896450092647143 5.27477067222465 22.49600516937384 0.6879610367788557 0.6848670498346756 7.433555724232151 3.4689514297387607
118 1180 0.12223846798409885 0 627.4700043120552 83.42675769247614 32.84285581526682 26.093333282165112 16.54088444521281 6.0341274129826505 23.562242852554203 0.552476573704886 0.6479888588346796 7.688648906905807 3.439250383630147
119 1190 0.11690254006259194 0 592.8208993764712 82.71157474192586 32.98435701439205 28.396927159113602 17.176501049595668 5.00224089114283 23.27944144420559 0.3434889628235577 0.6559466111213403 7.667769853052336 4.00949956098362
120 1200 0.11304310583350165 0 626.2251927845142 82.5884433626787 33.856180591962634 27.042745998677066 16.802020888972272 5.041919006090533 23.732353123009148 0.6720062567517466 0.6731449623311967 7.6855164076240206 3.697308177606459
121 1210 0.1090334533150566 0 615.9600341656701 83.24433202656083 31.48440722689559 27.8329516340351 17.802379467194907 5.032820113229813 23.03396438122516 0.4501245703589115 0.689292395229689 7.269507899818122 3.3230026806360766
122 1220 0.1056116829340802 0 607.3908735714224 82.0601048639369 31.87349146941497 27.517380996568132 17.619283887649747 5.247309141640104 23.643074727235728 0.6118055375894988 0.6594821000803464 7.377177260118276 3.2500902834029453
123 1230 0.11061057058552004 0 611.9638010448505 82.8253145597359 30.947977916239296 28.478376005665545 15.519220169925944 5.101040579691363 23.61018306159769 0.50672875288814 0.6313273907396812 7.4645346625775035 3.590906725554147
124 1240 0.1084365503048502 0 590.1790146270787 83.02619333859764 30.90583990036232 27.200769503506695 17.05263107361936 5.096790972426084 23.405683755408408 0.3737834313479087 0.6422785702768472 7.192654999914642 3.1966458761645384
125 1250 0.10514703088525316 0 586.2145764793238 81.69726597566869 31.462272169284052 27.768802289413223 17.368812386245995 5.023519387551043 23.248014207275613 0.5411438158094537 0.6924231482256396 7.470013591551999 3.65280259155844
126 1260 0.1027639045879711 0 598.1557604136415 82.13552341576313 31.639836667731103 27.438748988089703 17.261379699462246 5.24573110260198 23.323548348458896 0.4402238639374142 0.6951741181831181 7.556573258627625 3.378077408983305
127 1270 0.09413419283928316 0 614.7193612352879 82.42987043402007 32.10970413716599 28.26063805867023 17.166734393684493 5.003048436082554 23.692690434667373 0.4583142944973572 0.6854763199033194 7.685589108745692 3.870034976576341
128 1280 0.08986718645813661 0 614.347646717921 82.26152533490405 33.08028765088646 28.799925816466057 18.035029647237984 5.241741279238537 24.30805773398643 0.5173056168275243 0.6027836978505263 7.55299575092996 3.8403924664552553
129 1290 0.08947448662992882 0 600.3242538578536 82.07286553887262 32.792347850944815 28.69501273260752 17.655191806351944 5.110091239043598 23.897078374715893 0.5031159121323537 0.6546294678344751 7.57221263359732 3.8731148374464697
130 1300 0.09182749828188064 0 581.9365473868057 82.61224751808335 32.621336831484065 29.713016891040155 18.926570266063997 5.01393377782007 22.905530704185043 0.4541543375684742 0.6687829933801765 7.465830918098784 3.994449414131527
131 1310 0.0880709277033322 0 597.3851768945391 82.85037414195338 31.046969151888533 29.824382785946423 19.57630895007071 5.123693149741251 22.879168514654072 0.3991883842691725 0.6665109047212852 7.432141393048341 3.629918408770536
132 1320 0.0839181478621187 0 589.6007246774757 82.14078715070634 31.85147895988791 27.79274847502687 18.83901708877836 5.22293650818071 23.98088724621524 0.49409125209750004 0.623445214997691 7.487948712641702 3.1816224084088955
133 1330 0.08503987004554868 0 563.1181497576845 83.10929734502626 31.971301402703297 27.960999784231994 18.832860658911475 5.103413141375309 22.482624139390904 0.49850984938642323 0.6687531785457566 7.2792968699817715 3.2177455231057586
134 1340 0.08832593480332933 0 552.6279765069478 82.56445151130872 31.80892384511907 27.56071989824275 19.565928151271002 5.032037422633835 23.213107915541073 0.467486840992935 0.6089513574636349 7.280621932865745 3.354560989919592
135 1350 0.09083781155375635 0 551.0804330327869 83.25276363363707 32.493088314922446 28.26514082892836 19.88843912562555 5.564331242352202 21.888295549455435 0.5202577689452124 0.6725691477067741 6.970931994071477 3.0203720517342254
136 1360 0.09315293050184187 0 536.2900542577802 82.40574371693984 32.422537120788974 27.40442133870402 18.553524794001383 5.023778010102426 23.113357425836526 0.43604030177034214 0.6286986596815396 7.273769423909568 3.0913264820902646
137 1370 0.09881968134887135 0 510.04480145555453 82.56933415104564 31.71493592324604 26.230501921913184 18.839545255485135 5.379130525417482 22.132436862104594 0.40833696745902565 0.6177584465402894 7.0993643490707266 3.0967408855334666
138 1380 0.10689750605998805 0 492.29484498899103 82.43558582035585 32.3304957103759 26.43967927578813 19.009500355751296 5.053397315421582 21.61347994264669 0.6003219671189285 0.6369853913873555 7.212962695769785 3.3678474936282647
139 1390 0.11548202711701687 0 479.1961018827476 82.87916746484017 32.24038949775832 25.770695680801236 18.28692632790281 5.4136658409192995 20.918007704342823 0.566456083604491 0.664988222808379 7.124724070007811 3.2687673040483185
140 1400 0.12772605311585936 0 487.5563819302088 83.09362540208838 31.84959356798034 24.096821826263845 17.69252757068311 5.755351970522318 20.743208580127355 0.38689600353957815 0.6717992425370447 7.258167353421801 3.2585075147358693
141 1410 0.14662254203044406 0 433.58898766959646 82.58648474161068 31.483519139020554 23.802149953033027 16.713158182089025 5.063642010687257 20.869823829971647 0.4275518626902267 0.6462809735225648 7.420220412785173 2.6561769387289624
142 1420 0.1577689140556009 0 470.65972814806764 83.51058744835328 31.81935697793718 22.34946708979563 15.824928856365625 5.100423117267686 19.861273227161327 0.27706327048196283 0.6468106519489183 7.116568207568249 3.247374542931334
143 1430 0.15410636942593497 0 458.4751975682432 82.86859422515249 30.958052007869103 23.641949078171926 17.24331519323074 5.376987078200234 20.094119205018576 0.3992553132357144 0.7035556947818051 7.3118775287949385 3.1232324450698874
144 1440 0.15123144920986845 0 457.4199255024248 84.04362075515813 32.45003628213248 22.567413289524126 15.875466795129912 5.661440074925773 19.138520414859123 0.35440099731762476 0.7373406124087403 7.141883183653449 3.0518543682362944
145 1450 0.1472195186352645 0 494.61373867819674 84.23021811226064 32.078667776667466 21.554791414303143 14.970966876134002 5.2413438375891905 19.757395006594702 0.266054507892542 0.6495263504031676 7.0604681633479105 3.093831462201636
146 1460 0.14031541219052213 0 529.8571535092069 84.10723734154685 31.388967469406584 25.27702237946738 18.624573294944447 5.814546172545278 21.41760100276798 0.4074696503960239 0.6498301900088279 7.113516220490939 3.790907103268506
147 1470 0.12466494267815875 0 477.23729136620506 83.06514172701903 30.678811144382305 24.07670630051784 18.10487684087643 5.01714920385022 20.73358912390737 0.5519765686162516 0.7139519830033478 7.0429448837121145 2.8645866331744467
148 1480 0.1115852292505318 0 471.2589516694047 83.68054670453006 31.546972279141492 22.932156714157912 16.83703778593849 5.590897351480287 19.86869966652369 0.4311649420668211 0.7356581868156837 7.143271680849975 3.326746086844847
149 1490 0.09848431131846296 0 467.6890596709326 84.40598878739168 30.66982751566777 24.339305845237597 18.46554766389197 5.133740097300776 19.466704786431098 0.3167718486974504 0.7214408767358691 6.949474266846894 3.101848874043065
150 1500 0.08985970022767271 0 444.62059419839386 83.26506451634111 31.152651748732495 23.55778941559889 17.79454619870661 5.005781861011312 20.7342884996122 0.4578483774624095 0.6680316112397868 7.163073684448238 3.0390101887022043
150 1500 0.08985970022767271 0 444.62059419839386 83.26506451634111 31.152651748732495 23.55778941559889 17.79454619870661 5.005781861011312 20.7342884996122 0.4578483774624095 0.6680316112397868 7.163073684448238 3.0390101887022043
